mk.names	chr	pos.ind	pos.cM	log10pval
S1_197561	1	1	0.61920744386106	3.90515062451428
S1_311448	1	2	1.0042074338102	0.897082756631953
S1_911521	1	3	2.62574361810221	3.76147556617219
S1_912111	1	4	2.62725634282876	4.09181938612276
S1_1204210	1	5	3.43419947898193	3.93146859086646
S1_1339491	1	6	3.8423239975517	0.301800137117503
S1_2630632	1	7	7.73752213351083	4.33685283832289
S1_2736876	1	8	8.05804594210869	4.44134150980339
S1_3235434	1	9	9.56212813938034	3.51075028584698
S1_3378888	1	10	9.99490949586726	3.65194220603491
S1_3844672	1	11	11.4001169585376	3.79816736162917
S1_3866914	1	12	11.4672180706082	5.02143557046603
S1_4139891	1	13	12.2907528368032	1.19894025667395
S1_4468468	1	14	13.2820252988495	5.14558429804412
S1_5024583	1	15	14.5756679587592	5.45762465146599
S1_5692225	1	16	15.7416001429131	6.36152401348585
S1_5764208	1	17	15.8673071781385	1.56936336633048
S1_5940929	1	18	16.175922725866	1.56936336632934
S1_6237681	1	19	16.6941536153428	1.30635748585973
S1_7047273	1	20	18.1079792417017	5.6165004589195
S1_7816816	1	21	19.0826442858614	1.95060581587015
S1_7991216	1	22	19.2473633907639	2.16522587175612
S1_8081393	1	23	19.3325346907799	1.98179677004557
S1_8130399	1	24	19.3788203814614	1.98179677002261
S1_8884451	1	25	20.1279623442609	5.42262077090878
S1_8920152	1	26	20.1703772948238	2.57035225042319
S1_9421875	1	27	20.76645461034	2.01338057778881
S1_9874810	1	28	21.3045688265577	1.94345799844334
S1_9888207	1	29	21.3204852740715	1.94345799844334
S1_10583575	1	30	23.5117596255677	3.7853336329505
S1_10989689	1	31	25.0940718011769	2.901675883796
S1_11292709	1	32	26.2747063901176	2.98479128723166
S1_11293311	1	33	26.27705191854	2.98479128723342
S1_11347945	1	34	26.5733929677987	3.13263451881616
S1_11473196	1	35	27.3479237110255	2.89547129556714
S1_11558228	1	36	27.8737470430393	2.14846065948842
S1_11579924	1	37	28.0079113930648	2.14846065948822
S1_11790738	1	38	29.3115490814075	2.78519064172026
S1_12042752	1	39	30.8699605170332	3.00828725426775
S1_12113017	1	40	31.2897190690229	3.12708564869458
S1_12131418	1	41	31.3927997936135	3.12708564869157
S1_12341112	1	42	32.5674864662025	2.65701644247902
S1_12930286	1	43	35.8679855059269	0.0126335535994041
S1_12930471	1	44	35.8690218590626	0.0126335536934223
S1_13639747	1	45	39.8423213544571	0.279993358137486
S1_14052034	1	46	42.1519155449524	0.423917506918363
S1_14481050	1	47	44.5552240684554	0.26825326983203
S1_14702126	1	48	45.7936716674773	0.308964134443206
S1_15139664	1	49	47.7218327907471	0.298218848822529
S1_15139988	1	50	47.7230535299643	0.340305793180715
S1_15381264	1	51	48.6321124045189	0.428192893229785
S1_15623325	1	52	49.5441289342756	0.282722086764457
S1_15766678	1	53	50.0842419867302	0.278338671271464
S1_15823985	1	54	50.3001583519058	0.278338671271461
S1_16567846	1	55	53.102813582783	0.400426189775581
S1_16729345	1	56	53.7112955668249	0.0231058789848738
S1_18161657	1	57	58.5756319143634	0.369169921387346
S1_18877068	1	58	60.8994620226071	0.554352778102751
S1_18943056	1	59	61.1138072048629	0.554352778103783
S1_19040162	1	60	61.4292312708768	0.346272787404615
S1_19230260	1	61	62.0467161235236	0.573440254243169
S1_19387180	1	62	62.3869730804961	0.381831689834739
S1_20086727	1	63	63.9023042963382	0.0338776448662821
S1_20713029	1	64	65.2589750720607	0.330681526320292
S1_21073074	1	65	66.0388903995624	0.329652834753187
S1_21279799	1	66	66.4866899692768	0.293343615449206
S1_21522639	1	67	67.0127204324981	0.05571147925788
S1_21991476	1	68	67.9536175183779	0.488251218481073
S1_22253800	1	69	68.2868215384959	0.490693845134896
S1_22777691	1	70	68.9522680371144	0.296412305513382
S1_24494867	1	71	70.5561590453079	0.228335474011286
S1_25262442	1	72	70.8956659800845	0.145396966049732
S1_26248599	1	73	71.3318541574984	0.118385307576566
S1_27133424	1	74	71.7232220675577	0.296184260676803
S1_27159630	1	75	71.7348132719778	0.267370138220233
S1_27835935	1	76	72.0339504735856	0.226191806140855
S1_28451123	1	77	72.3060549483162	0.341089860801367
S1_30309869	1	78	73.1281989172942	0.344674924829266
S1_31728563	1	79	73.7557030065701	0.523295971563261
S1_31728629	1	80	73.7557321991021	0.523295971563261
S1_43672080	1	81	79.0384530272488	0.458283912772014
S1_43672137	1	82	79.0384782389809	0.458283912772013
S1_44376990	1	83	79.9597772351613	0.678056049645195
S1_44431814	1	84	80.0328884525869	0.678056049678245
S1_45566487	1	85	81.5460455445544	0.284372900856682
S1_46295905	1	86	82.5187698622289	0.127655429406603
S1_46413680	1	87	82.6758301575796	0.127655429417944
S1_46638684	1	88	82.975887000671	0.235232369278251
S1_49713660	1	89	91.1041531587298	0.0740647422935328
S1_50219118	1	90	91.2512468052931	0.0532731286656372
S1_50869716	1	91	92.6567333264178	0.716555217077118
S1_51025052	1	92	93.2941388588331	0.288385808819096
S1_51999476	1	93	97.2925889831975	0.639050067446741
S1_52000004	1	94	97.2947555776837	0.639050079427257
S1_52728946	1	95	100.285895195093	1.19695091871027
S1_53309428	1	96	102.667844249192	0.246653898581737
S1_53327333	1	97	102.741315601988	0.246653898612929
S1_53615828	1	98	103.925125594998	0.279181850837123
S1_53949904	1	99	105.782667639553	0.472087067805056
S1_54147699	1	100	106.88728900579	0.436277151901511
S1_54571285	1	101	109.252880380893	0.149159441742759
S1_54684913	1	102	109.887456161892	0.691137338389087
S1_55032273	1	103	112.227004204443	0.913602330641208
S1_55407488	1	104	114.793044602242	0.908561106249203
S1_55674678	1	105	116.620317855945	1.05628292089784
S1_55676208	1	106	116.630781301725	1.05628292089718
S1_55678918	1	107	116.649314594579	1.05628292069706
S1_55725551	1	108	116.968230847582	0.0462135122984558
S1_55948580	1	109	118.493493494013	1.1572269597947
S1_56213391	1	110	120.304497115355	2.15421048036348
S1_56497680	1	111	122.248707924224	1.34665505472612
S1_56640454	1	112	123.225118386906	1.75564724655309
S1_57289177	1	113	126.355126874329	0.751844857732484
S1_57492559	1	114	127.228871035436	0.0566595964644621
S1_57994961	1	115	129.501959988451	0.158720826136695
S1_58065014	1	116	129.823973891942	0.198037781766525
S1_58279491	1	117	130.809864231814	0.166411481149584
S1_58380022	1	118	131.271976914095	0.191311892967619
S1_59198234	1	119	134.543481919645	0.542628943977455
S1_59623493	1	120	135.52698519669	0.324643196840668
S1_59698829	1	121	135.701215966361	0.324643197150081
S1_60044682	1	122	136.501075719773	0.362226104692012
S1_60120296	1	123	136.675949424481	0.332513601105254
S1_60554465	1	124	137.54558077777	0.379015632224475
S1_60593322	1	125	137.612743247304	0.379015632214293
S1_60612132	1	126	137.645255434347	0.513417104394051
S1_61128797	1	127	138.53828622215	0.344787436364608
S1_61614909	1	128	139.378507608001	0.144202559226831
S1_61966526	1	129	139.986260806912	0.144121621639347
S1_62138016	1	130	140.282673085275	0.0926058703767651
S1_62338775	1	131	140.629675432886	0.0926058703742016
S1_62698470	1	132	141.251391069166	0.143873217724739
S1_63058439	1	133	141.873580301367	0.0345207298501504
S1_63074469	1	134	141.901287391122	0.0345207298498306
S1_63140948	1	135	142.016193169029	0.0345207298508245
S1_63654891	1	136	142.904519109776	0.0989605000110252
S1_63896283	1	137	143.621428192936	0.33591333020206
S1_64676086	1	138	145.882754229217	0.0568771268242724
S1_64916722	1	139	146.566344704344	0.18229562298426
S1_65438282	1	140	148.047974419795	0.555736192168611
S1_65526086	1	141	148.297405004072	0.1663947019523
S1_65739410	1	142	148.903408488654	0.502138111151951
S1_65924556	1	143	149.429364879668	0.38569229506455
S1_66251451	1	144	150.357996956193	0.452740576053241
S1_66494284	1	145	151.047828593381	0.182618821948526
S1_66781775	1	146	151.864523141515	0.202584252480477
S1_67021380	1	147	152.545184787291	0.907292117021707
S1_67113335	1	148	152.806407389646	0.907292117021732
S1_67890398	1	149	155.013861242659	0.360807621427819
S1_68251689	1	150	156.375990233474	0.267790025350609
S1_68538580	1	151	158.126688501161	0.0921613237027988
S1_68821354	1	152	159.852263552127	1.1684771614232
S1_69233098	1	153	162.38977160511	1.96972839185116
S1_69472313	1	154	163.894051686073	1.30885686053798
S1_69689373	1	155	165.03240050395	1.16831172194296
S1_70468432	1	156	168.115234848459	0.399421547974963
S1_70719034	1	157	169.106898448267	0.912546844395376
S1_71043759	1	158	170.391876071939	0.813503038668772
S1_71305133	1	159	171.426165829149	0.720086568665166
S1_71347469	1	160	171.593694700273	0.720086568681751
S1_71374812	1	161	171.701894386666	0.720086568669302
S1_71694365	1	162	172.934544419716	0.248907230720581
S1_71733183	1	163	173.065770368331	0.347297182031821
S1_71795176	1	164	173.275340419144	0.243524702825067
S1_72170558	1	165	174.544335705937	0.301898547058574
S1_72899280	1	166	177.007812333434	0.458497989808575
S1_72915736	1	167	177.063442561947	0.458497989933062
S1_73141607	1	168	177.827009367024	0.334216890633149
S2_186925	2	1	0.513559202303898	0.238856844955568
S2_537831	2	2	1.98363739592839	0.500180035449697
S2_744883	2	3	3.12226998199483	0.428425977193745
S2_1252142	2	4	5.94971195545335	0.619222671821718
S2_1269049	2	5	6.01722439263273	0.304416233596639
S2_2098683	2	6	10.0120342295431	0.481402440073231
S2_2788194	2	7	14.1735489658267	1.39312173664807
S2_3066256	2	8	15.7825592951508	0.353203019756317
S2_3115391	2	9	16.066879779544	0.13788098000656
S2_3652169	2	10	19.1729544914927	0.957260516572546
S2_3652181	2	11	19.1730239296898	0.957260519612185
S2_3893528	2	12	20.5695823085814	0.833593516700109
S2_3921748	2	13	20.7328778020093	1.08411650585179
S2_4281833	2	14	22.816515567812	0.706173975180116
S2_4576321	2	15	24.5205752158832	0.747595147574352
S2_4980016	2	16	26.8565629628478	0.593035561797685
S2_5078669	2	17	27.4274201674238	0.606469480261912
S2_5101279	2	18	27.5582533037244	0.606469480288024
S2_5132605	2	19	27.7395217171588	0.606469480287825
S2_5562618	2	20	30.2277990033166	0.417304518572844
S2_6246141	2	21	34.1830160676065	0.440168464710533
S2_6534053	2	22	35.8490235836868	0.331844222870221
S2_6826363	2	23	37.540480198991	0.0564109705112527
S2_7040074	2	24	38.7771224100453	0.324909871939351
S2_7081005	2	25	39.0139703137127	0.627821537929919
S2_7720485	2	26	42.7143318352299	0.460707611149184
S2_7741515	2	27	42.8360222755838	0.460707611149152
S2_8186375	2	28	45.4102119710586	1.12759099652237
S2_8215819	2	29	45.5805901605868	1.23547955440305
S2_9509905	2	30	52.0669294378059	0.556661221070698
S2_9534556	2	31	52.2259543113015	0.653619267349535
S2_11831068	2	32	61.2477417793089	1.28127732090049
S2_12496198	2	33	62.5586289573457	1.41473001093146
S2_12521955	2	34	62.6093927494535	1.41473001093137
S2_12944557	2	35	63.4422878875659	0.0576234573003375
S2_13137663	2	36	63.8228754109102	0.971238450094549
S2_13241747	2	37	64.0280118218957	0.971238450094555
S2_14167820	2	38	65.8531846777676	1.31565439289729
S2_14409763	2	39	66.330023756618	0.700832604264534
S2_19594950	2	40	73.120566188183	0.866893448549137
S2_21223513	2	41	73.3151429138701	0.866893448542983
S2_21503088	2	42	73.3485458513579	0.866893448542049
S2_22042605	2	43	73.4130060234928	0.866893448556484
S2_24243005	2	44	73.675904435898	0.509134143010479
S2_30096273	2	45	74.3752385863173	0.509102582913197
S2_31156246	2	46	74.5018815689079	0.693103796093847
S2_43532767	2	47	75.9805980395497	0.64824977650689
S2_45960074	2	48	76.2706067455669	0.742429808501721
S2_47273814	2	49	76.4275691889014	0.752807616474949
S2_49880297	2	50	76.7389854053444	0.980758621296792
S2_50026531	2	51	76.7564570861478	0.98075862129673
S2_53220968	2	52	77.6005472593585	0.659537425424379
S2_55016677	2	53	79.0767676817137	1.01606650413138
S2_55056519	2	54	79.1838472238749	1.22800770998798
S2_55481584	2	55	80.3262538698452	0.97133872992785
S2_56119706	2	56	82.0412734874094	1.23845585711067
S2_56213768	2	57	82.294074950558	1.58998758010236
S2_56874604	2	58	84.8568837315211	2.67146825575884
S2_56899215	2	59	85.0141886255025	2.67146825575884
S2_56932458	2	60	85.2266662408218	1.77792921928767
S2_57422942	2	61	88.3616682163443	2.60543591178853
S2_58055650	2	62	92.405716197377	1.70575954896654
S2_58830624	2	63	97.3590786332129	2.5135227381112
S2_58843549	2	64	97.4416907072737	2.29896788488636
S2_59064560	2	65	98.8543156279892	1.24453737848565
S2_59370294	2	66	100.593167223152	1.01846798217773
S2_60087966	2	67	105.147815058241	2.11773007458392
S2_61183019	2	68	112.718434611201	0.950854907515566
S2_61746676	2	69	116.469624282198	1.36709815005346
S2_61887546	2	70	117.365420203265	0.828101377248115
S2_61971021	2	71	117.896239856215	2.16269294076316
S2_62093572	2	72	118.675544789292	1.59942131836623
S2_62171765	2	73	119.172776069593	2.14202655074793
S2_62312219	2	74	119.927218955593	1.65515370737394
S2_62355008	2	75	120.057769354294	2.00303985804023
S2_62533054	2	76	120.600992525833	1.35229677731768
S2_62707201	2	77	121.132319742699	0.801702359907075
S2_62935786	2	78	121.829738772985	0.801702360125898
S2_63186677	2	79	122.595214013826	1.83722526217909
S2_63358643	2	80	123.119886940581	1.05152612611887
S2_63472859	2	81	123.468363052151	1.0678691813665
S2_63481812	2	82	123.495678897802	1.06786918136656
S2_63835255	2	83	124.481750871471	1.37277171147876
S2_63863442	2	84	124.522330796023	1.11272538959775
S2_65018895	2	85	126.185799613679	0.927958271863151
S2_65427599	2	86	127.300240034682	1.06278178404206
S2_65445561	2	87	127.349760619877	1.0066071420118
S2_65733013	2	88	128.142255400834	0.81094145493191
S2_66012578	2	89	128.913006007676	1.1150062697784
S2_66609639	2	90	130.559081618257	0.666500843612194
S2_66609678	2	91	130.559189139848	0.666500843612194
S2_67203757	2	92	132.197043484141	0.918319336688597
S2_67728117	2	93	133.642685063752	1.3355520538433
S2_67729286	2	94	133.645907954527	1.3355520538433
S2_67815027	2	95	133.882292794479	1.33555205384327
S2_67821192	2	96	133.899289476794	1.30337698750126
S2_67959866	2	97	134.281608685755	1.30337698750126
S2_67981876	2	98	134.344619721772	1.67497327741827
S2_68089545	2	99	134.657544460938	1.20463697250842
S2_68803538	2	100	136.732664256714	1.34200080576994
S2_68850624	2	101	136.869513064341	0.776130173236374
S2_69440484	2	102	138.583857830657	1.3420008075376
S2_69440519	2	103	138.583959553213	1.34200132276987
S2_69463182	2	104	138.649826361335	1.6362165007789
S2_69553976	2	105	139.14396827694	1.44765028779491
S2_69637355	2	106	139.646542010079	1.44765028779475
S2_69817644	2	107	140.733248684108	1.77628940556183
S2_69843647	2	108	140.889983890608	1.39548418701161
S2_69896051	2	109	141.205853281119	2.279536671655
S2_70048653	2	110	142.125674301093	1.58344845686499
S2_70082670	2	111	142.330714547201	1.56442284362921
S2_70096079	2	112	142.411538389987	2.36462367116892
S2_70241714	2	113	143.289365248376	1.61065897551617
S2_70371277	2	114	144.070316813958	1.61424390610272
S2_70594585	2	115	145.416324024404	1.56722233222977
S2_70711718	2	116	146.122352749667	1.26014732137404
S2_71416862	2	117	148.307136906605	1.39716487050931
S2_71427165	2	118	148.3333420156	1.39716487050929
S2_71441029	2	119	148.368604330569	1.3971648705093
S2_71616572	2	120	148.815088213752	2.10607172314004
S2_71623388	2	121	148.832424331671	2.1060717231445
S2_71719205	2	122	149.076129556231	1.43294822700538
S2_71751927	2	123	149.159356148152	1.43294822700461
S2_72252235	2	124	150.43186179422	0.713156745840973
S2_72685887	2	125	151.534831601676	0.683540964125292
S2_72765941	2	126	151.738444510105	1.02841088028085
S2_72766035	2	127	151.738683593891	1.02841088028108
S2_73085069	2	128	152.635142605387	1.37524993493732
S2_74220901	2	129	157.152311144893	0.759192217100675
S2_74422236	2	130	158.02743726744	0.912076063241025
S2_74481484	2	131	158.332181124135	0.796561853352627
S2_74484623	2	132	158.348326664342	0.796561853343778
S2_74650541	2	133	159.201730850391	0.80797722396808
S2_74926068	2	134	160.618912200031	0.8096354708354
S2_74928415	2	135	160.630984064595	0.809635470837345
S2_75260748	2	136	162.34034877103	0.907354561367076
S2_75690084	2	137	164.548651303737	1.39046728631868
S2_75793610	2	138	165.081140375235	0.216439450298417
S2_75931403	2	139	165.789882784186	0.740656750597222
S2_75994516	2	140	166.11450638376	0.740668718405106
S2_76227512	2	141	167.312928265248	0.882540242262226
S2_76694749	2	142	169.716175722891	0.799671274690548
S3_566959	3	1	2.09707882274687	0.200404134599654
S3_714429	3	2	2.70200878507871	0.379178285919401
S3_763697	3	3	2.90410880124583	0.379178285820597
S3_1108965	3	4	4.32041691974039	0.919580612043171
S3_1461654	3	5	6.01505099459637	0.490742342669251
S3_1841291	3	6	7.87515583148371	0.426375957050023
S3_2047847	3	7	8.88721686528205	0.483012162630983
S3_2083386	3	8	9.06134706280795	0.383787910333889
S3_2189352	3	9	9.58054795509612	1.11516609219218
S3_2482303	3	10	11.0159179850747	0.926136394897454
S3_2573225	3	11	11.4614078924849	1.50090304110478
S3_3769996	3	12	17.3252186531496	0.617915922413678
S3_3811810	3	13	17.5300944256629	0.351424835842633
S3_3920108	3	14	18.0607214025519	0.388382894463305
S3_4749627	3	15	21.1299746017973	0.386370726054467
S3_5589308	3	16	24.1759483652972	0.236428232452362
S3_5613142	3	17	24.2624070784029	0.272594151074457
S3_5715383	3	18	24.6332900727233	0.236428232595338
S3_6796625	3	19	28.7339589128153	0.0084106071908497
S3_7046470	3	20	30.6312831600226	0.315401621558702
S3_7136248	3	21	31.3130577653409	0.0712588994450147
S3_7175794	3	22	31.6133702978313	0.0712588994437927
S3_7535284	3	23	33.8780983691108	0.154781806762245
S3_7692971	3	24	34.5454835296352	0.15478180675535
S3_8001322	3	25	35.850530119607	0.683991239866268
S3_8745473	3	26	39.0131260987409	0.71759191162384
S3_9549441	3	27	42.4474468737013	0.0967524252741142
S3_9777744	3	28	43.9333077311915	0.438932388623426
S3_10020927	3	29	45.6984017188553	0.279477745826353
S3_10570546	3	30	48.5487935641658	0.106410855872646
S3_10617995	3	31	48.696615750111	0.106410855872815
S3_11140439	3	32	50.3242330679463	0.67357863274351
S3_11483090	3	33	51.5566415406893	0.0607974557908985
S3_11707499	3	34	52.4206219187016	0.185544874168319
S3_11730169	3	35	52.5079019973505	0.185544874181083
S3_15371920	3	36	62.3739949543927	0.149511359023095
S3_15774801	3	37	62.6455206896892	0.221531228439533
S3_16628947	3	38	63.2211810477121	0.246006734475296
S3_18812042	3	39	64.6925000602671	0.00976389361335646
S3_20478129	3	40	65.8153762885901	0.0607103244181942
S3_20800625	3	41	66.0327257380061	0.0607103244211754
S3_25861668	3	42	69.4436669885053	0.0155407099227735
S3_30314586	3	43	70.4724821029515	0.0956991210503196
S3_31544931	3	44	70.5048521983138	0.0956991210503081
S3_31574790	3	45	70.50563778177	0.0956991210503081
S3_31814791	3	46	70.5119521531513	0.0956991210505516
S3_38233374	3	47	70.6808236028672	0.0956991210503081
S3_39538268	3	48	70.7151550653575	0.0956991210505298
S3_41235129	3	49	70.7597990899088	0.0956399521511777
S3_42069341	3	50	70.7817470167036	0.0277119164676008
S3_50692482	3	51	76.4389583471281	0.0651031033489298
S3_52291152	3	52	80.026156867227	0.0276267840411564
S3_52817677	3	53	81.4286749910612	0.224221934461496
S3_53328118	3	54	82.9280413688031	0.0998920506521154
S3_53571170	3	55	83.6419808776649	0.0655376434132583
S3_53741831	3	56	84.1432794908088	0.123754846989541
S3_54811219	3	57	87.4108211811809	0.0751104878551578
S3_55159188	3	58	89.1049830522389	0.00731507156117314
S3_55361715	3	59	90.0910292841152	0.0512415166546602
S3_55429382	3	60	90.4204806183688	0.017695324769717
S3_56442030	3	61	96.7767165707682	0.0946034410975791
S3_56664715	3	62	98.2418406555044	0.104816437594692
S3_57259333	3	63	102.154044679205	0.161892335257738
S3_58357386	3	64	108.626297721816	0.188349481425174
S3_58449925	3	65	109.110898595816	0.154810570851528
S3_59021811	3	66	112.035814683934	0.119750706667021
S3_59130165	3	67	112.538576560707	0.119750706667021
S3_60136632	3	68	117.208577094418	0.037677058373806
S3_60275948	3	69	117.85500245596	0.238043013596942
S3_60699385	3	70	119.819747465973	0.0381132583675968
S3_60709044	3	71	119.864565165068	0.0381132583663362
S3_60822644	3	72	120.391668448762	0.202117100630254
S3_60842141	3	73	120.482134405823	0.202117100632764
S3_61324791	3	74	121.906982579413	0.334431141187844
S3_61392488	3	75	122.064037406685	0.0989430057692947
S3_61415852	3	76	122.118241123015	0.0568005319951381
S3_61842469	3	77	123.107978618713	0.306783907212575
S3_61973292	3	78	123.411483702664	0.0537666797271649
S3_62373842	3	79	124.340746610382	0.106965385838651
S3_62378769	3	80	124.352177089339	0.106965385838651
S3_62398185	3	81	124.397221574712	0.118668447228128
S3_62441101	3	82	124.49678529197	0.119831777126228
S3_62997877	3	83	125.788487413323	0.145961108382545
S3_63753977	3	84	127.542614699618	0.151611213732545
S3_64376167	3	85	128.986075162864	0.0964592462082148
S3_65243288	3	86	131.097331080414	0.150318373722802
S3_65386194	3	87	131.46532591051	0.132013204511115
S3_65482667	3	88	131.713751905527	0.00994093088426722
S3_65621113	3	89	132.070261864854	0.015460939321528
S3_65769558	3	90	132.452520080419	0.0138828918451817
S3_65891350	3	91	132.766144605261	0.0372876108268437
S3_66117269	3	92	133.346858226029	0.0915844671667487
S3_66231603	3	93	133.639296715783	0.0050995582480997
S3_67547166	3	94	137.004186047882	0.329026350008121
S3_67825820	3	95	137.716915025473	0.329026349995608
S3_67934855	3	96	137.995799965476	0.329026350008074
S3_68853230	3	97	140.374199521245	0.349029586497931
S3_69570024	3	98	143.236480663327	1.31502203886122
S3_69669431	3	99	143.633429830718	0.371608322748197
S3_69905028	3	100	144.574208980978	1.33944392532122
S3_70268304	3	101	146.024832234201	1.79742963692487
S3_70321880	3	102	146.238770373287	1.79742963691524
S3_70480125	3	103	146.870669746509	1.85460662261284
S3_70734364	3	104	148.014165843479	1.28889997656355
S3_70748395	3	105	148.084756698168	1.75596394343206
S3_70863922	3	106	148.665980393532	1.54990967457417
S3_70964759	3	107	149.173297763233	1.2986043505908
S3_70976233	3	108	149.231024188056	0.65216019703623
S3_71009679	3	109	149.399293144362	1.32834669689894
S3_71041333	3	110	149.558546434528	0.898623608028075
S3_71257520	3	111	150.646197001319	2.58058006703339
S3_71257548	3	112	150.646337871103	2.58058006703339
S3_71440975	3	113	151.569170791281	1.2353683028663
S3_71689527	3	114	152.819651734525	1.76796637386546
S3_71691801	3	115	152.831092373365	1.81121659384735
S3_71816828	3	116	153.46011117382	1.23157453798247
S3_72463010	3	117	156.770786234826	2.66275295381652
S3_72485673	3	118	156.887308614453	2.94265712130985
S3_72847112	3	119	158.745656245847	0.948090312921726
S3_72927543	3	120	159.159194237985	1.08251709423973
S3_73897275	3	121	163.055603008844	1.31003405258091
S3_73957465	3	122	163.277558746408	1.18207233537488
S3_74124699	3	123	163.894248326334	0.88406756444724
S4_277852	4	1	0.877574144186738	0.120400930989838
S4_572956	4	2	2.01585355541713	0.516112552770384
S4_1145655	4	3	4.224876410181	0.646437093681268
S4_1262607	4	4	4.67598535381516	0.742853270083856
S4_1369158	4	5	5.08697541001911	0.714122951435613
S4_1664019	4	6	6.22431751813966	1.03305275592926
S4_2026262	4	7	7.62156644991399	0.773572189435131
S4_3377167	4	8	12.6969765136082	1.33862708764492
S4_3924021	4	9	14.741870431201	0.609240261429359
S4_4027064	4	10	15.127187177445	0.0136919309280316
S4_4715637	4	11	17.7020220319376	0.680716571357508
S4_5061440	4	12	18.9951102262003	0.586185136293898
S4_5551256	4	13	20.6489206510111	1.23426762428821
S4_5644823	4	14	20.9646968414664	0.79757908309506
S4_5895454	4	15	21.8105431589715	1.07040497492673
S4_6065662	4	16	22.3849725392553	0.323869722106388
S4_6483509	4	17	23.7951506346648	0.367730669214718
S4_7148847	4	18	27.874325377088	0.610691173717094
S4_7811678	4	19	31.4368498427775	0.644326898342182
S4_9585774	4	20	40.5841055688155	0.185445720398536
S4_9717856	4	21	41.2532254377488	0.42885460732167
S4_9835691	4	22	41.8501708183136	0.149444295406614
S4_12497924	4	23	55.3368911589344	0.10077267525643
S4_12525431	4	24	55.4762400500381	0.0255205316337315
S4_16372038	4	25	59.5021799502259	0.100772675244845
S4_20159577	4	26	59.7465054617189	0.0185536769207543
S4_22296056	4	27	59.8843248543296	0.0319079959152899
S4_27794247	4	28	60.2390006288528	0.0341196318410851
S4_33771575	4	29	60.6245844395969	0.170969698930394
S4_37317005	4	30	60.8532920511127	0.17096220148053
S4_37450371	4	31	60.8618951879163	0.151590999353193
S4_38437866	4	32	60.9255962404921	0.151590999353193
S4_41459250	4	33	61.120498838516	0.151590999353331
S4_41670443	4	34	61.1341224177712	0.1515909993532
S4_42141405	4	35	61.1645031033678	0.151590999353192
S4_42928903	4	36	61.2153028051398	0.0185751394043284
S4_44347105	4	37	61.3067877849778	0.0274615118837317
S4_44403104	4	38	61.3104001528816	0.0274615118836323
S4_47717404	4	39	61.8106741102669	0.000673118400344765
S4_48782125	4	40	63.2369421866635	0.0290360303095094
S4_50267019	4	41	67.7085082508473	0.0879151653253705
S4_50462556	4	42	68.9709271865349	0.228032842635644
S4_50524490	4	43	69.3707832463234	0.228032842635607
S4_50710309	4	44	70.5704611804767	0.0413369702196184
S4_51327084	4	45	74.5524617177597	0.592076889173152
S4_51703812	4	46	76.9846794607123	0.03656598338328
S4_51889053	4	47	78.1806257320865	0.0741144631725974
S4_52142689	4	48	79.4926790610026	0.0399803504815004
S4_52670643	4	49	81.5406881647182	0.054680965350076
S4_52700725	4	50	81.6573805467401	0.374823676868174
S4_53260988	4	51	83.8307208841086	0.270831421602162
S4_53366589	4	52	84.2403622721111	0.246523651942643
S4_53412277	4	53	84.417592560982	0.207095569536789
S4_53476033	4	54	84.6649112069559	0.207095565625866
S4_53875516	4	55	86.2145629205136	0.336727588831572
S4_54931448	4	56	90.3106742273787	0.933508710665236
S4_54940748	4	57	90.3467502579884	0.93350871066523
S4_55587604	4	58	92.8559972317647	0.47006849538927
S4_56428520	4	59	95.4549720686908	0.977381610996171
S4_56428522	4	60	95.4549781209254	0.977381610996168
S4_56514193	4	61	95.7756205561881	1.64940156557257
S4_57069020	4	62	97.9420333724905	0.452939024276461
S4_57303601	4	63	98.8348571054774	0.340631165905734
S4_57499607	4	64	99.2795534388314	1.14055645434399
S4_57516802	4	65	99.3185652724081	1.1900302906832
S4_57662319	4	66	99.6487126982046	1.17893244752945
S4_58140549	4	67	102.867914051102	1.47105241551099
S4_58695211	4	68	105.252847507433	0.992321041482708
S4_59005450	4	69	105.989065506537	0.273286182364581
S4_59032214	4	70	106.052578277426	0.0866852051407588
S4_59102932	4	71	106.220396844597	0.0866852051410057
S4_59187835	4	72	106.421877370185	0.273286182364963
S4_59333526	4	73	106.767611905519	0.039191725561903
S4_59705352	4	74	107.649979995072	0.239850086440567
S4_59745788	4	75	107.745937340898	0.157062645237016
S4_60356888	4	76	109.196118714782	0.745350992729903
S4_60372659	4	77	109.233544357799	0.8198663056072
S4_60376916	4	78	109.243646504925	0.819866305614713
S4_60480661	4	79	109.489840362941	0.819866305614714
S4_60786328	4	80	110.451140751827	0.334229968938489
S4_60864055	4	81	110.741105902502	0.733536613281625
S4_61049303	4	82	111.432184475355	0.758737218077077
S4_61586054	4	83	113.390376099288	0.777098952731023
S4_62353568	4	84	116.421090312883	0.541700662400521
S4_62527347	4	85	117.359352952177	0.560587605693379
S4_62912417	4	86	119.438411955353	0.856940085701368
S4_62952704	4	87	119.655928381096	0.856940085701914
S4_62991639	4	88	119.866145126853	0.856940085701369
S4_63123457	4	89	120.577853127166	0.528532734550855
S4_63326917	4	90	121.676368578347	0.496859393118143
S4_63532761	4	91	122.787755654592	0.484699156434733
S4_64628206	4	92	128.702251174196	0.477112117930003
S4_64794521	4	93	129.600214396761	0.725045983223986
S4_64817997	4	94	129.726965348947	0.0232261972175008
S4_65019397	4	95	130.814358506658	0.179047321801863
S4_65106424	4	96	131.284232212398	0.554033194249765
S4_65415881	4	97	132.955043654333	0.168563563909142
S4_65441255	4	98	133.092042234192	0.168563563904446
S4_65569947	4	99	133.786872424123	0.705016079328272
S4_65770253	4	100	134.868358888117	0.310179693745367
S4_65772650	4	101	134.881300702412	0.310179693745384
S4_65925206	4	102	135.704976723106	0.376549727222322
S4_66228387	4	103	137.341902964158	0.821536929265443
S4_66583785	4	104	139.260757747991	0.294855130165178
S4_66699763	4	105	139.886942870359	0.262455721551568
S4_67174893	4	106	141.924053847154	0.395722857456155
S4_67519829	4	107	143.254545968549	0.082199849411916
S4_67522846	4	108	143.266183184526	0.0821998494119245
S5_446174	5	1	1.52224292108545	0.166729566965037
S5_625655	5	2	2.19197293858614	0.363755107201514
S5_1021182	5	3	3.66787459186418	0.377300245704127
S5_1041011	5	4	3.74186613702507	0.143227598540526
S5_1126607	5	5	4.06126602101273	0.158722986635374
S5_1549419	5	6	5.63898114495066	0.420754376351559
S5_1912234	5	7	7.87023020686482	0.354271857172234
S5_2224945	5	8	9.88497426098624	0.286810487830953
S5_2306717	5	9	10.4118174190255	0.420467551824641
S5_2446723	5	10	11.3138523843492	0.428135505026059
S5_2459748	5	11	11.3977702551785	0.428930062141685
S5_2632572	5	12	12.5112460408384	0.428930054741908
S5_2767363	5	13	13.3796816436764	0.469988516836732
S5_2802165	5	14	13.6111765606606	0.464404113898557
S5_3326200	5	15	18.1367618699469	0.184548549742047
S5_5055394	5	16	29.9901874373989	0.417221124891585
S5_5128742	5	17	30.403907790866	0.807469847543732
S5_5186687	5	18	30.730747321346	0.807469879729945
S5_5263601	5	19	31.16458174446	0.373697118520027
S5_5289088	5	20	31.3083415013561	0.442633075292235
S5_5310337	5	21	31.4281967638148	0.356267310953577
S5_5755229	5	22	33.9376159094585	0.167921282784356
S5_6100683	5	23	35.8861537153511	0.0879837888987965
S5_6289764	5	24	36.9526675692245	0.333791468704702
S5_6289808	5	25	36.9529157518	0.333791468704698
S5_6848623	5	26	40.1049190691733	0.583945394899176
S5_7690050	5	27	44.0866995741725	0.935663821312892
S5_8518638	5	28	46.3232734582987	0.570434852562539
S5_8719027	5	29	46.8641753348238	0.843429255786375
S5_8905620	5	30	47.3678382297254	0.866246151329193
S5_9467603	5	31	49.116441910075	0.589787951245984
S5_9541562	5	32	49.3623484080343	0.589787951234366
S5_9764716	5	33	50.1043138029911	1.13292817232991
S5_11172463	5	34	54.7849359690926	0.317692610027065
S5_11441547	5	35	55.6796141569653	0.533229483523313
S5_11663887	5	36	56.4188730809133	0.757171333622011
S5_12470931	5	37	57.839038402317	0.617855948402385
S5_15263263	5	38	59.8702461806769	0.767741284342305
S5_15272376	5	39	59.8768751905813	0.767741284311728
S5_15278752	5	40	59.8815132425016	0.767741284311019
S5_15758860	5	41	60.2307550604705	0.449347219628056
S5_16004923	5	42	60.409747056969	0.495008672635414
S5_17617652	5	43	61.582883950858	0.482272913975114
S5_17638459	5	44	61.5980194505924	0.482272913959889
S5_18158078	5	45	61.9760024965137	0.223278405811854
S5_18530792	5	46	62.2471234004405	0.223278405809505
S5_19207697	5	47	62.7395199711959	0.223278405809473
S5_20200953	5	48	63.4620376779381	0.184593064202396
S5_20737187	5	49	63.646060710654	0.184593064202491
S5_28290427	5	50	64.8975670225007	0.184593064204457
S5_32706459	5	51	65.6292651972333	0.243854999805643
S5_35204004	5	52	66.0430867270166	0.54294881404827
S5_41448609	5	53	67.0777635772808	0.807898999963689
S5_47000808	5	54	69.5321871128607	0.660987482628604
S5_51297404	5	55	78.1674524564962	0.398759570663636
S5_51508187	5	56	78.5609965433368	0.17093854940381
S5_52277025	5	57	79.9964616834968	0.805103252709795
S5_54448528	5	58	90.3405501326674	0.174905599199765
S5_55146090	5	59	94.501682151613	1.70406634101662
S5_58133066	5	60	109.276875348475	0.765113488359164
S5_58669461	5	61	112.898139429677	2.53715247427221
S5_59052070	5	62	114.648739614756	1.07512057983954
S5_59560623	5	63	116.574563604677	0.322504227645969
S5_59692251	5	64	117.073021700775	0.208676879287714
S5_60426039	5	65	119.830618449309	0.72450190908224
S5_60787040	5	66	121.091513169502	0.135564076044831
S5_61044403	5	67	121.832121004153	0.606263227312681
S5_61065606	5	68	121.89313641009	0.156054275523012
S5_61966001	5	69	124.049507664859	0.31476484008943
S5_62036077	5	70	124.178050852063	0.289557202824467
S5_62129985	5	71	124.35031002245	0.146752040373499
S5_62131181	5	72	124.352503892704	0.146752040373499
S6_114296	6	1	0.286339927792229	0.115087778119029
S6_367565	6	2	1.2039327001688	0.0878375018151309
S6_928930	6	3	3.23775628957443	0.235221193084052
S6_1553686	6	4	5.501245268087	0.173961831862655
S6_1970542	6	5	7.22190671018664	0.126137845700287
S6_2159698	6	6	8.91007062118255	1.16774510728019
S6_3228290	6	7	18.4469526126549	0.553188644558049
S6_5858254	6	8	26.0102859231377	0.605248833481856
S6_7005781	6	9	26.2325760444643	0.632049720631885
S6_11167728	6	10	27.0387964676743	0.0557917398750189
S6_15104204	6	11	27.8013403796165	0.267886975660613
S6_23227336	6	12	29.3748911525674	0.182379126536185
S6_27489006	6	13	30.2004291498031	0.154791286708003
S6_29882120	6	14	30.6640048228883	0.581673652256227
S6_31015835	6	15	30.8836193896042	0.582936016647553
S6_31707792	6	16	31.0176599877625	0.465976140084242
S6_41869707	6	17	41.8575486862054	0.960377953178448
S6_42410515	6	18	43.8804644660825	0.380276106592413
S6_42622684	6	19	44.6740918127578	1.3873046413758
S6_43362906	6	20	47.4429243086013	0.560776916742596
S6_44975837	6	21	53.476162670003	1.13810094872563
S6_45753821	6	22	56.3862455646568	1.11413327474646
S6_46111881	6	23	57.7255845244036	0.118454027096252
S6_46120854	6	24	57.7591484200798	0.0202378151451575
S6_46437152	6	25	58.9422748075289	0.503086282013805
S6_46508073	6	26	59.2075578840083	0.603206689360857
S6_48516651	6	27	66.7979748444636	0.337918149705881
S6_48666852	6	28	67.2923713663274	0.387036821778599
S6_48847900	6	29	67.8883028281046	0.268829286342441
S6_49091899	6	30	68.6914416683137	0.799465000843407
S6_49301854	6	31	69.3825224317435	0.569342814368379
S6_49557823	6	32	70.2250613183352	0.239222391061683
S6_50014795	6	33	71.2785312054938	0.391850348037899
S6_50039518	6	34	71.3044640219171	0.177425540540757
S6_50335266	6	35	71.6146844074515	0.74489299278836
S6_50674437	6	36	72.6859335499475	0.682687830639799
S6_51021754	6	37	74.3360987225058	0.16062932528277
S6_51284481	6	38	75.5843616790865	0.323397206916987
S6_51853944	6	39	78.2899822207258	0.69308311366756
S6_52115246	6	40	79.5314747474948	0.236961862803057
S6_52239635	6	41	80.1224691291386	0.208617678518833
S6_52247265	6	42	80.1587206234985	0.208617678486831
S6_52490455	6	43	81.1434740734315	0.218302060450999
S6_52747881	6	44	81.647668173361	0.465287031373978
S6_52992347	6	45	82.8912612644377	0.219351755395518
S6_53766843	6	46	86.8311051472948	0.36692565850336
S6_53812892	6	47	87.065355383528	0.475270033271253
S6_53910360	6	48	87.5611729262581	0.308249143094099
S6_54088634	6	49	88.4680487892354	0.504210072534986
S6_54252779	6	50	89.3030507442508	0.261447514104857
S6_55176217	6	51	92.7226258689766	0.251540717673344
S6_55711593	6	52	95.2656658113888	0.242842334007881
S6_55935898	6	53	96.4991781478396	0.387449500063996
S6_56547690	6	54	99.8635836641764	0.474689054582285
S6_56578707	6	55	100.034154325284	0.474689054582294
S6_56671344	6	56	100.543589613449	0.455717271438538
S6_56713901	6	57	100.777621777254	0.84394012531547
S6_57324559	6	58	102.658670977388	0.479578862696909
S6_57329859	6	59	102.674643393444	0.479578862701676
S6_57356226	6	60	102.754104656493	0.513418580445519
S6_57680513	6	61	103.731396521709	0.915125269622164
S6_57760405	6	62	103.972164118609	0.704285916521816
S6_58208840	6	63	105.323596268458	0.727376437421768
S6_58434905	6	64	106.00579802172	0.69619727789191
S6_58749572	6	65	106.977534056604	0.692509534675566
S6_59269696	6	66	108.585265726078	0.395899706380085
S6_59448315	6	67	109.189062937084	0.598546585427796
S6_59605809	6	68	109.721449961703	0.60665119637878
S6_60096762	6	69	111.381049736281	0.751874276730589
S6_60199185	6	70	111.727276743166	0.331887652890772
S6_60204998	6	71	111.746926798242	0.331887652890242
S6_60216422	6	72	111.785544074895	0.331887652890803
S6_60446749	6	73	112.564133139998	0.797104193780793
S6_61131968	6	74	114.880422678786	0.285972932523179
S6_61262660	6	75	115.322209191424	1.09093790360994
S6_61498318	6	76	115.872666004181	1.03173276929932
S6_61751398	6	77	116.346040629322	0.833818735393409
S6_61775789	6	78	116.391662885059	0.8338187354398
S7_436434	7	1	2.17102936638112	0.846135764862106
S7_581540	7	2	3.10674641622117	0.193201343097226
S7_1795354	7	3	10.9734963800995	0.59626259420115
S7_1841761	7	4	11.2691355721779	0.839592034719687
S7_1888070	7	5	11.5641504480792	1.07052798812127
S7_2283412	7	6	14.0606057942037	1.38307379137294
S7_2555866	7	7	15.7695156427374	0.514121430462447
S7_2810744	7	8	17.3681837642354	0.33047656623549
S7_2919596	7	9	18.0509249168848	0.45862800811543
S7_3473963	7	10	21.4767911431588	0.91831637241869
S7_3719221	7	11	22.9924316825912	1.73410813908916
S7_4027277	7	12	25.5993566784727	1.14146638594641
S7_4227535	7	13	27.5354084038375	1.54866757555064
S7_4708507	7	14	32.1853433400306	0.944848676340267
S7_5064509	7	15	35.6270949121691	1.40046651821766
S7_5080761	7	16	35.7842157894405	1.45310545564539
S7_5773128	7	17	39.7396184880673	1.91065944285355
S7_6662757	7	18	44.3435004442428	1.49383724396272
S7_7879045	7	19	50.9674491115603	0.342958126185578
S7_8889420	7	20	53.3849899148617	1.48867130240383
S7_9788839	7	21	54.5121499268169	0.37234526475528
S7_9883610	7	22	54.5305998341144	0.372345264755273
S7_10305618	7	23	54.6127558573579	0.372345264755276
S7_16217338	7	24	55.7636425839819	0.588567617311334
S7_17344377	7	25	55.9830532166721	0.720044980849854
S7_17701183	7	26	56.0525157909111	0.720044980856482
S7_17769117	7	27	56.0657411024763	0.720044980857812
S7_23504604	7	28	57.1823189950397	0.624818560294846
S7_27475127	7	29	57.9552957629609	0.619683398881314
S7_29683419	7	30	58.3852034634795	0.619683398881336
S7_37561466	7	31	59.9188924277775	0.925986311206932
S7_43630599	7	32	61.1004241329016	0.63910972619324
S7_52252758	7	33	64.4673019473747	1.52211262693242
S7_52552035	7	34	65.2898104165163	2.24413451820788
S7_53473323	7	35	67.8218031273446	1.73389387606966
S7_53848444	7	36	69.7206965126339	1.49414684137945
S7_54217510	7	37	71.6131804535708	1.65998994972008
S7_54660263	7	38	73.8835140586757	1.14234846090388
S7_54923788	7	39	75.234808489849	1.14234846089172
S7_54923961	7	40	75.2356955932987	1.142348460892
S7_55268134	7	41	77.0005340650195	1.05097146274792
S7_55700992	7	42	79.2201284294586	0.865979241484219
S7_55919581	7	43	80.3410015853859	0.800755903585515
S7_55960361	7	44	80.5501118667757	0.529084825199317
S7_56026641	7	45	80.8899801711042	0.809391476172053
S7_56452647	7	46	83.0355168006908	2.86501337436453
S7_57462335	7	47	88.0483451909573	1.03324364627722
S7_57504955	7	48	88.4390714027729	1.0332426597472
S7_57586956	7	49	89.193987876365	1.17070293946321
S7_57592722	7	50	89.2470707459243	1.1707029395186
S7_57771331	7	51	90.8913784547547	0.81211249928896
S7_57893515	7	52	92.0162271079343	0.797911346450442
S7_58118907	7	53	94.0912278251922	0.43576162059882
S7_58484190	7	54	96.9437326082817	0.41553869807213
S7_58976564	7	55	99.7023049823607	0.396166816741243
S7_59663043	7	56	103.421776435448	0.0271738340191895
S7_61043339	7	57	110.263509319888	0.259164308424082
S7_61508244	7	58	112.567910569071	1.01532002247499
S7_61633140	7	59	113.184912336907	0.00314954782168103
S7_61719755	7	60	113.590011923156	0.46790253281846
S7_62037723	7	61	115.077152779135	1.50078651602029
S7_62299631	7	62	116.30210021821	1.248366551273
S7_62747095	7	63	117.745034506919	2.08100354059728
S7_62750171	7	64	117.749523822555	2.08100354059626
S7_62799815	7	65	117.821977523934	2.33949679994797
S7_62823539	7	66	117.856601881591	2.33949679994779
S7_63079178	7	67	118.229698162448	2.33779400041905
S7_63124990	7	68	118.454452989458	2.79883028958691
S7_63133666	7	69	118.510300790596	2.79883028958694
S7_63217701	7	70	119.051237854755	2.90932052673778
S8_377492	8	1	1.99780328101828	0.026792971108539
S8_1157132	8	2	7.61173236935281	0.096542875523983
S8_1235490	8	3	8.3996032545722	0.0222954654481243
S8_2047825	8	4	15.8541321353539	0.0394512684128749
S8_2182111	8	5	17.0758496497836	0.279942516921959
S8_2534785	8	6	20.2844343323565	0.410778870105871
S8_2789852	8	7	22.6050025319682	0.430236542317729
S8_2813288	8	8	22.8182203779698	0.058480718918258
S8_3416417	8	9	28.5981735624479	0.810929046088667
S8_4016742	8	10	34.0642008851069	1.10252907756324
S8_4375057	8	11	36.8920407994506	0.769630013802676
S8_5339502	8	12	41.3677668152543	0.722076190942574
S8_5366356	8	13	41.533166135616	0.722076190942749
S8_6402178	8	14	46.1181909728518	1.0138651503096
S8_6553843	8	15	46.1884782644101	1.46149654220741
S8_9158345	8	16	47.3955029005366	1.1993522698822
S8_11290924	8	17	48.3838205871754	0.0491051470305214
S8_11486039	8	18	48.4742442504622	0.0491051469579116
S8_12317173	8	19	48.8594231498919	0.0491051469581213
S8_16772826	8	20	50.9243411038928	0.510993168672046
S8_16861846	8	21	50.9655963354526	1.06218436241854
S8_23709400	8	22	54.1390115891967	1.55742933099684
S8_24177730	8	23	54.3560534067254	1.55742933146588
S8_28198768	8	24	56.2195543480958	1.5574293317065
S8_28614404	8	25	56.4121757750178	1.55742933174235
S8_34086325	8	26	58.9480707192099	1.08377119515093
S8_37244853	8	27	60.4118519372299	0.464434784382981
S8_40266069	8	28	61.81199758621	1.30605189780468
S8_40557670	8	29	61.9471365075543	1.30605190011165
S8_41887557	8	30	62.5634563922249	0.168434895415774
S8_42679387	8	31	63.3144936979123	0.165091918445417
S8_42923619	8	32	63.7023561911019	0.165091918445413
S8_44280667	8	33	65.8574710845554	0.166995524323718
S8_45639185	8	34	69.3799590240078	0.103070272834392
S8_45685542	8	35	69.6099231721904	0.103070272834512
S8_46183553	8	36	72.0804168495331	1.30574833194774
S8_47197871	8	37	77.1121655575234	0.695896988346389
S8_47417106	8	38	78.1997292485909	0.87096593639408
S8_48034904	8	39	81.2644528247267	0.51541963337437
S8_48230512	8	40	82.2348095582881	0.614436509667337
S8_48281845	8	41	82.4894582546804	1.19639773908966
S8_48404087	8	42	83.095866723782	0.567503105608523
S8_49839868	8	43	91.2890609497302	0.755212173730047
S8_49875527	8	44	91.5261539719757	1.03377297773599
S8_50488733	8	45	94.9128860741962	0.967964813121103
S8_50538094	8	46	95.1687154963653	0.883792261007149
S8_51052865	8	47	98.3770226196189	0.405866263831584
S8_51650367	8	48	102.543290410897	0.902451810719438
S8_52304987	8	49	107.10783115139	1.5079626271498
S8_52641617	8	50	109.461466317129	0.565474847488774
S8_52653238	8	51	109.542771822786	0.293012738450723
S8_52943711	8	52	111.575045649886	0.533395044243218
S8_53237964	8	53	113.633765979988	0.45529548668982
S8_53501790	8	54	115.479605953784	0.567115346806844
S8_53511394	8	55	115.546799661411	1.10040340919776
S8_53614567	8	56	116.268642268343	0.73915157280279
S8_53971834	8	57	117.602454903238	0.267497835430558
S8_53981219	8	58	117.63783085315	0.267497835408879
S8_54339789	8	59	118.98942961286	0.917012317786857
S8_54779568	8	60	120.689742128971	0.991659003539295
S8_54823476	8	61	120.949288915282	0.460297507291865
S8_55221410	8	62	123.301536589139	0.765916152791924
S8_55285952	8	63	123.68305405024	0.0342669561533078
S9_94954	9	1	0.318222663175156	0.410532722147123
S9_545479	9	2	2.44533560309179	0.112672374592375
S9_1105142	9	3	5.66141996121154	0.216001882769965
S9_1110317	9	4	5.69115792236543	0.216001882769965
S9_1198394	9	5	6.19728940150576	0.254804458486734
S9_1529156	9	6	8.15709983518492	0.266560367866814
S9_1738436	9	7	9.82254261006235	0.251264146048834
S9_2055588	9	8	12.3464269130914	0.115742778038041
S9_2156515	9	9	13.1496003789747	0.534228786962328
S9_2744211	9	10	18.5594289907527	0.635580694456205
S9_2907436	9	11	20.2419562062881	0.288497955188472
S9_3060082	9	12	21.8154348360483	0.725444524270415
S9_3529957	9	13	26.6589176076805	1.09105128757066
S9_3555869	9	14	26.9260191252725	1.48806912419696
S9_3590415	9	15	27.2821201219818	0.867744536568871
S9_3848263	9	16	29.9400234913882	0.82625614219168
S9_4422563	9	17	34.9338087855618	1.33352231458593
S9_4434057	9	18	35.0133167583793	1.33352231457859
S9_4490489	9	19	35.4036764175093	1.52981533073775
S9_4529506	9	20	35.6735704992409	1.14117637040296
S9_4914889	9	21	38.1764315293965	1.3180403324447
S9_5373850	9	22	40.6067403132226	1.3685254757752
S9_5626419	9	23	41.9441538608272	1.69444546419456
S9_6088921	9	24	44.3932130905594	1.82538946363881
S9_6273336	9	25	45.2589104973337	0.709376342898307
S9_6403089	9	26	45.7119072766796	1.32844253928724
S9_6430649	9	27	45.8081254083511	1.32844253928724
S9_6810859	9	28	47.132401927612	1.41544211588596
S9_7131683	9	29	48.2140829661639	0.815658326535915
S9_7221290	9	30	48.5161993689938	1.21506873807571
S9_7319809	9	31	48.8483632165772	1.19855732994248
S9_8214056	9	32	50.5226263629831	1.1590816784088
S9_8214057	9	33	50.522627785197	1.1590816784088
S9_8280581	9	34	50.6172391397357	0.815658326535919
S9_8400690	9	35	50.7880598237338	1.08314561776362
S9_9079584	9	36	51.7535922771071	0.579775354939372
S9_9366104	9	37	52.0628781242785	0.826120143951112
S9_11676861	9	38	53.8595280205667	1.55362114499746
S9_13029934	9	39	54.911563550534	2.12534499629841
S9_13799936	9	40	55.5102522111944	2.12534499629742
S9_17563246	9	41	56.7279997551512	1.79480976793767
S9_18250177	9	42	56.9231519602471	1.79480976793767
S9_31600682	9	43	60.7159353546403	1.95956175137629
S9_39695629	9	44	63.0156521488809	1.89807214406066
S9_40662937	9	45	63.2904574629618	1.89807214406066
S9_41396056	9	46	63.4987313499281	1.89807214406059
S9_41581644	9	47	63.5514555790564	1.89806228980904
S9_41763480	9	48	63.6031138917048	1.80560733057056
S9_44206125	9	49	64.2970519408196	1.47669034118026
S9_44624237	9	50	64.4158345824198	1.47669034118023
S9_46990222	9	51	65.0879940714715	1.31507490765568
S9_47656904	9	52	66.4596156639688	2.31986945914655
S9_48006384	9	53	67.4417385543116	1.67164010654589
S9_48267442	9	54	68.1753743489411	0.759798148679089
S9_49222874	9	55	71.316982135977	1.76325717651964
S9_49993703	9	56	76.3553201371512	1.16535679461138
S9_50000978	9	57	76.4118682027015	1.38098513214575
S9_50034932	9	58	76.6757902669899	1.62072275375041
S9_50121777	9	59	77.3508303704572	1.62072275351467
S9_50634279	9	60	81.3344725272557	1.98848989362428
S9_50899876	9	61	83.5464425771985	1.42401703766604
S9_50979662	9	62	84.2624513484389	1.08309997140108
S9_50981809	9	63	84.281718774201	0.20873742307883
S9_51202941	9	64	86.2661828606565	0.214901571528766
S9_51302528	9	65	87.1598880909165	0.693229393348983
S9_51310463	9	66	87.2310976966091	0.693229393354276
S9_51407629	9	67	87.77874315527	0.6932293932292
S9_51490241	9	68	88.2400739593537	1.37978052517853
S9_52810494	9	69	95.6379520554781	1.83438318558329
S9_53011958	9	70	96.7744654565072	2.35509957979055
S9_53541871	9	71	99.6908084803005	1.85515989505544
S9_53541881	9	72	99.6908461135735	1.85515989505544
S9_53542027	9	73	99.6913955593585	1.85515989505548
S9_53869283	9	74	100.922966996452	0.185281862692328
S9_54089483	9	75	101.751651666703	1.77886295826282
S9_54360840	9	76	102.77285687136	0.257003580632236
S9_54774107	9	77	104.328115852382	0.133942402270044
S9_54871447	9	78	104.69443813123	0.222618197834055
S9_54991840	9	79	105.147516394198	1.5207761311245
S9_55070766	9	80	105.444551639621	0.243513341402184
S9_55228681	9	81	106.102444322643	0.177612714139862
S9_55348750	9	82	106.602666065719	2.32297413371168
S9_55467958	9	83	107.099300780329	2.32297413373141
S9_55630398	9	84	107.776045151859	2.21121449874823
S9_55966045	9	85	109.166933086111	0.83117133851297
S9_56083347	9	86	109.533962454528	2.06945087086502
S9_56349127	9	87	110.36556861246	2.00387875313388
S9_56445243	9	88	110.666308538248	1.04867938948785
S9_56500345	9	89	110.838718661336	2.00449025040102
S9_56627269	9	90	111.23585456317	2.54092436121004
S9_56662066	9	91	111.344731828117	2.5409243612101
S9_56711110	9	92	111.49818691281	2.54092436121015
S9_56732263	9	93	111.564373100856	2.63421140074033
S9_56800647	9	94	111.778341629353	3.1868395421954
S9_57025622	9	95	112.485559319781	2.83021484153809
S9_57345180	9	96	113.499253604471	1.35361427497649
S9_57401543	9	97	113.678046972085	1.31743428378006
S9_57515603	9	98	114.039865390375	1.3174342837551
S9_58067499	9	99	117.161786958139	1.37135183991335
S9_58259249	9	100	118.046558433229	0.25300106558444
S9_58319571	9	101	118.283523940837	0.608008564390002
S9_58372526	9	102	118.491549345422	0.366193637474394
S9_58419568	9	103	118.676346457733	1.38222827840437
S9_58472884	9	104	118.885789994148	1.38222827840472
S10_689097	10	1	3.57568921097946	0.0239359947559661
S10_1272423	10	2	6.60746129967655	0.0246954927307498
S10_1676831	10	3	8.70932695772336	0.0087240677386756
S10_1783212	10	4	9.26223038833966	0.0736418999582294
S10_2438289	10	5	13.1309462397488	0.041918152136046
S10_2623357	10	6	14.5589734620319	0.0412650432148751
S10_2623537	10	7	14.5603623834014	0.0412650432148741
S10_3016459	10	8	17.5922388408868	0.185476789477146
S10_3182379	10	9	18.8725156943743	0.182308230051196
S10_3845291	10	10	23.9473253090059	0.35028873509503
S10_5265083	10	11	29.2505168053386	0.630470322222267
S10_6373099	10	12	36.8146629691363	0.781274911787657
S10_6818026	10	13	39.5142895415615	1.16258818323748
S10_6852940	10	14	39.615486999762	1.16258818323745
S10_7164165	10	15	40.5175657913192	1.17437581893599
S10_7346318	10	16	41.0455322404108	0.853171112101309
S10_9385156	10	17	50.4016228148366	0.691604712871676
S10_10474030	10	18	55.2210614814075	0.668364681955068
S10_10623449	10	19	55.8824012747357	0.764191687826071
S10_11152492	10	20	58.2239855998997	0.639285371586433
S10_14351999	10	21	64.6841084726675	0.328941938868258
S10_15084722	10	22	65.0978441565465	0.755810770975207
S10_15215202	10	23	65.1715203370848	0.755810770975215
S10_16514025	10	24	65.9049071997093	1.05649358352605
S10_20955298	10	25	67.5508086103394	0.315703665177246
S10_33536067	10	26	67.8761054397734	0.315703665177271
S10_33818461	10	27	67.8834072090732	0.315703665177272
S10_34071117	10	28	67.8899400526329	0.315703665177273
S10_35160050	10	29	67.9180962370733	0.315703665177274
S10_41813717	10	30	69.033123911847	0.351005329952981
S10_47434409	10	31	72.0644511955966	1.29827378564427
S10_47674101	10	32	72.3428416914218	1.15592533565621
S10_47793146	10	33	72.481106617141	1.06735081695932
S10_48875686	10	34	74.0689387762959	0.620738379943661
S10_49700169	10	35	76.4087732344437	0.529196098288868
S10_49841944	10	36	76.8524123146005	0.277319034163322
S10_50838732	10	37	79.9720266264343	0.0864741755732536
S10_50838803	10	38	79.9722488327772	0.0864741755839645
S10_51362150	10	39	81.6101505643944	0.0480092634711249
S10_51781268	10	40	82.9218502549476	0.662218592044729
S10_51993261	10	41	83.6508145200255	0.686235555830981
S10_52559350	10	42	85.8563554138826	0.183337980325561
S10_52711895	10	43	86.6886760335842	0.156505757096979
S10_52832404	10	44	87.3462008659918	0.0382962910501633
S10_53145391	10	45	89.2821134859708	0.2046833573995
S10_53145516	10	46	89.2829602900756	0.0411640049180133
S10_53451477	10	47	91.3556725358792	0.249144065026728
S10_53595637	10	48	92.332274773926	0.249144064962887
S10_53687459	10	49	92.9543167460537	0.359754746990719
S10_54111502	10	50	96.5279184892464	0.185725901851977
S10_54711625	10	51	99.1144079901502	0.433540407703985
S10_54737026	10	52	99.22388458047	0.433540407704091
S10_54737105	10	53	99.2242250651216	0.433540407704021
S10_54740053	10	54	99.2369307455382	0.43354040770408
S10_55120603	10	55	100.877075481815	0.706324602346794
S10_55192664	10	56	101.187653513193	0.0857406039243996
S10_55196444	10	57	101.203945057283	0.0857406039243994
S10_55666345	10	58	103.987301388824	0.214050959508944
S10_55791400	10	59	104.795146355004	0.310360579083323
S10_56153226	10	60	107.132512415799	0.139301688458585
S10_56560460	10	61	109.763210404341	0.269215473550981
S10_56676322	10	62	110.512035406727	0.506668256656992
S10_56982718	10	63	112.817369710251	0.273780807845474
S10_57673404	10	64	117.97621380106	0.60141042235172
S10_58301081	10	65	120.98871761954	0.124315552914731
S10_58559331	10	66	122.228175351976	0.98567786193668
S10_58653694	10	67	122.681065768262	1.20079305829285
S10_59210363	10	68	125.3527703044	0.850993358450267
S10_59661187	10	69	127.628161194163	0.773067031778468
S10_59887016	10	70	128.832220236843	1.13678077484203
S10_60470905	10	71	131.945358187998	0.877167738716759
S10_60871475	10	72	133.918298785489	0.591753365105978
