mk.names	chr	pos.ind	pos.cM	log10pval
S1_197561	1	1	0.61920744386106	4.56908901964927
S1_311448	1	2	1.0042074338102	0.838256294549435
S1_911521	1	3	2.62574361810221	4.62958480604963
S1_912111	1	4	2.62725634282876	4.93609016540838
S1_1204210	1	5	3.43419947898193	4.80748074143126
S1_1339491	1	6	3.8423239975517	0.272378666397548
S1_2630632	1	7	7.73752213351083	4.89659257101832
S1_2736876	1	8	8.05804594210869	4.74475066421151
S1_3235434	1	9	9.56212813938034	3.55403061525281
S1_3378888	1	10	9.99490949586726	3.67919904094288
S1_3844672	1	11	11.4001169585376	3.68353398692838
S1_3866914	1	12	11.4672180706082	4.84547125167383
S1_4139891	1	13	12.2907528368032	1.20842307975944
S1_4468468	1	14	13.2820252988495	5.07111619448366
S1_5024583	1	15	14.5756679587592	5.74089092948509
S1_5692225	1	16	15.7416001429131	7.00083588016036
S1_5764208	1	17	15.8673071781385	1.45791476070202
S1_5940929	1	18	16.175922725866	1.45791476070098
S1_6237681	1	19	16.6941536153428	1.21591904618087
S1_7047273	1	20	18.1079792417017	6.78119551570086
S1_7816816	1	21	19.0826442858614	1.97201521512043
S1_7991216	1	22	19.2473633907639	2.14990910681849
S1_8081393	1	23	19.3325346907799	1.98989002963658
S1_8130399	1	24	19.3788203814614	1.98989002961819
S1_8884451	1	25	20.1279623442609	6.1501783027405
S1_8920152	1	26	20.1703772948238	2.53479054600201
S1_9421875	1	27	20.76645461034	1.98139154744544
S1_9874810	1	28	21.3045688265577	1.97068403378576
S1_9888207	1	29	21.3204852740715	1.97068403378577
S1_10583575	1	30	23.5117596255677	4.47176643464883
S1_10989689	1	31	25.0940718011769	3.34793465998716
S1_11292709	1	32	26.2747063901176	3.37860518883361
S1_11293311	1	33	26.27705191854	3.37860518883264
S1_11347945	1	34	26.5733929677987	3.66422826967364
S1_11473196	1	35	27.3479237110255	3.30828774487962
S1_11558228	1	36	27.8737470430393	2.68623077193042
S1_11579924	1	37	28.0079113930648	2.68623077193012
S1_11790738	1	38	29.3115490814075	3.33486313939401
S1_12042752	1	39	30.8699605170332	3.54231749822072
S1_12113017	1	40	31.2897190690229	3.70442375742824
S1_12131418	1	41	31.3927997936135	3.70442375742662
S1_12341112	1	42	32.5674864662025	3.1925637605811
S1_12930286	1	43	35.8679855059269	1.06974570270425
S1_12930471	1	44	35.8690218590626	1.06974570207167
S1_13639747	1	45	39.8423213544571	1.92942001104472
S1_14052034	1	46	42.1519155449524	2.11782316525042
S1_14481050	1	47	44.5552240684554	1.63727217516179
S1_14702126	1	48	45.7936716674773	1.22299064616091
S1_15139664	1	49	47.7218327907471	1.22017454923223
S1_15139988	1	50	47.7230535299643	1.26263246940946
S1_15381264	1	51	48.6321124045189	1.34253387615035
S1_15623325	1	52	49.5441289342756	0.220600279071256
S1_15766678	1	53	50.0842419867302	0.222340606442497
S1_15823985	1	54	50.3001583519058	0.222340606442495
S1_16567846	1	55	53.102813582783	0.703531856503969
S1_16729345	1	56	53.7112955668249	0.354836915208798
S1_18161657	1	57	58.5756319143634	0.595258714319943
S1_18877068	1	58	60.8994620226071	0.248044533202923
S1_18943056	1	59	61.1138072048629	0.24804453320391
S1_19040162	1	60	61.4292312708768	0.424013847082923
S1_19230260	1	61	62.0467161235236	0.527493199622494
S1_19387180	1	62	62.3869730804961	0.150335265327766
S1_20086727	1	63	63.9023042963382	0.186969417095742
S1_20713029	1	64	65.2589750720607	0.533928095716171
S1_21073074	1	65	66.0388903995624	0.550531854605842
S1_21279799	1	66	66.4866899692768	0.402967274387363
S1_21522639	1	67	67.0127204324981	0.133340989603147
S1_21991476	1	68	67.9536175183779	0.418726784418587
S1_22253800	1	69	68.2868215384959	0.414455025862672
S1_22777691	1	70	68.9522680371144	0.393360275982355
S1_24494867	1	71	70.5561590453079	0.317190319064532
S1_25262442	1	72	70.8956659800845	0.0322987894578142
S1_26248599	1	73	71.3318541574984	0.0326329071719866
S1_27133424	1	74	71.7232220675577	0.118367728282648
S1_27159630	1	75	71.7348132719778	0.104636461394633
S1_27835935	1	76	72.0339504735856	0.0789716704856786
S1_28451123	1	77	72.3060549483162	0.754308678972086
S1_30309869	1	78	73.1281989172942	0.49547179481852
S1_31728563	1	79	73.7557030065701	0.306969895191156
S1_31728629	1	80	73.7557321991021	0.306969895191156
S1_43672080	1	81	79.0384530272488	1.28367170331798
S1_43672137	1	82	79.0384782389809	1.28367170331799
S1_44376990	1	83	79.9597772351613	1.0012010247309
S1_44431814	1	84	80.0328884525869	1.00120102476888
S1_45566487	1	85	81.5460455445544	0.442749059265578
S1_46295905	1	86	82.5187698622289	0.448427273854276
S1_46413680	1	87	82.6758301575796	0.448427273871001
S1_46638684	1	88	82.975887000671	0.017628299519168
S1_49713660	1	89	91.1041531587298	0.33282969533782
S1_50219118	1	90	91.2512468052931	0.115112247510595
S1_50869716	1	91	92.6567333264178	0.750133854375232
S1_51025052	1	92	93.2941388588331	0.0883510598938943
S1_51999476	1	93	97.2925889831975	0.218240675283301
S1_52000004	1	94	97.2947555776837	0.218240844108262
S1_52728946	1	95	100.285895195093	1.11846574307793
S1_53309428	1	96	102.667844249192	0.534113620821334
S1_53327333	1	97	102.741315601988	0.534113620887805
S1_53615828	1	98	103.925125594998	0.558295408265664
S1_53949904	1	99	105.782667639553	0.825895961387553
S1_54147699	1	100	106.88728900579	0.797193676126698
S1_54571285	1	101	109.252880380893	0.0696426633255753
S1_54684913	1	102	109.887456161892	0.932130238140063
S1_55032273	1	103	112.227004204443	0.956176100497017
S1_55407488	1	104	114.793044602242	0.954441433481883
S1_55674678	1	105	116.620317855945	1.23783586049291
S1_55676208	1	106	116.630781301725	1.23783586049252
S1_55678918	1	107	116.649314594579	1.2378358597766
S1_55725551	1	108	116.968230847582	0.126281638063323
S1_55948580	1	109	118.493493494013	1.41266961070675
S1_56213391	1	110	120.304497115355	2.67688988215569
S1_56497680	1	111	122.248707924224	1.6359948694594
S1_56640454	1	112	123.225118386906	1.8108255074694
S1_57289177	1	113	126.355126874329	0.946477127448252
S1_57492559	1	114	127.228871035436	0.0893556123016493
S1_57994961	1	115	129.501959988451	0.170860638127629
S1_58065014	1	116	129.823973891942	0.342482473665401
S1_58279491	1	117	130.809864231814	0.0895201868618441
S1_58380022	1	118	131.271976914095	0.0496557886833966
S1_59198234	1	119	134.543481919645	0.588883853116406
S1_59623493	1	120	135.52698519669	0.179497257363205
S1_59698829	1	121	135.701215966361	0.179497257408203
S1_60044682	1	122	136.501075719773	0.117769868858722
S1_60120296	1	123	136.675949424481	0.130990738233255
S1_60554465	1	124	137.54558077777	0.137986044677724
S1_60593322	1	125	137.612743247304	0.137986044672931
S1_60612132	1	126	137.645255434347	0.105018080040787
S1_61128797	1	127	138.53828622215	0.107525451580147
S1_61614909	1	128	139.378507608001	0.0483491786592404
S1_61966526	1	129	139.986260806912	0.0483565519208669
S1_62138016	1	130	140.282673085275	0.0667666029156794
S1_62338775	1	131	140.629675432886	0.0667666029155489
S1_62698470	1	132	141.251391069166	0.0476162329747931
S1_63058439	1	133	141.873580301367	0.0239430017050879
S1_63074469	1	134	141.901287391122	0.0239430017057138
S1_63140948	1	135	142.016193169029	0.0239430017037729
S1_63654891	1	136	142.904519109776	0.0518261070205127
S1_63896283	1	137	143.621428192936	0.365173039695644
S1_64676086	1	138	145.882754229217	0.0242879352783996
S1_64916722	1	139	146.566344704344	0.0392175650254774
S1_65438282	1	140	148.047974419795	0.183224553517929
S1_65526086	1	141	148.297405004072	0.0286124044749357
S1_65739410	1	142	148.903408488654	0.262332554978521
S1_65924556	1	143	149.429364879668	0.334726902412101
S1_66251451	1	144	150.357996956193	0.222112466406143
S1_66494284	1	145	151.047828593381	0.04317977591455
S1_66781775	1	146	151.864523141515	0.0516898042215228
S1_67021380	1	147	152.545184787291	0.623776969537698
S1_67113335	1	148	152.806407389646	0.623776969537718
S1_67890398	1	149	155.013861242659	0.118849488413986
S1_68251689	1	150	156.375990233474	0.048583108713832
S1_68538580	1	151	158.126688501161	0.0774517072783022
S1_68821354	1	152	159.852263552127	0.624124748977095
S1_69233098	1	153	162.38977160511	0.983468704229576
S1_69472313	1	154	163.894051686073	0.461035116283547
S1_69689373	1	155	165.03240050395	0.427094939217376
S1_70468432	1	156	168.115234848459	0.239119942157587
S1_70719034	1	157	169.106898448267	0.312488306940261
S1_71043759	1	158	170.391876071939	0.294847161787602
S1_71305133	1	159	171.426165829149	0.170224398870369
S1_71347469	1	160	171.593694700273	0.17022439887511
S1_71374812	1	161	171.701894386666	0.170224398871555
S1_71694365	1	162	172.934544419716	0.24600039284619
S1_71733183	1	163	173.065770368331	0.293044074115466
S1_71795176	1	164	173.275340419144	0.239254253239935
S1_72170558	1	165	174.544335705937	0.395451719246125
S1_72899280	1	166	177.007812333434	0.082074682319959
S1_72915736	1	167	177.063442561947	0.0820746823567415
S1_73141607	1	168	177.827009367024	0.0287678443620153
S2_186925	2	1	0.513559202303898	0.665954051792971
S2_537831	2	2	1.98363739592839	1.01179751771538
S2_744883	2	3	3.12226998199483	0.874025602101948
S2_1252142	2	4	5.94971195545335	1.23082418866835
S2_1269049	2	5	6.01722439263273	0.794980970901936
S2_2098683	2	6	10.0120342295431	0.902354179552211
S2_2788194	2	7	14.1735489658267	1.62015861676825
S2_3066256	2	8	15.7825592951508	0.430202206595858
S2_3115391	2	9	16.066879779544	0.106873731571866
S2_3652169	2	10	19.1729544914927	1.35253228489363
S2_3652181	2	11	19.1730239296898	1.35253228805071
S2_3893528	2	12	20.5695823085814	0.90492665387847
S2_3921748	2	13	20.7328778020093	1.10765623643092
S2_4281833	2	14	22.816515567812	0.798409590457778
S2_4576321	2	15	24.5205752158832	0.854955354249918
S2_4980016	2	16	26.8565629628478	0.808461118095611
S2_5078669	2	17	27.4274201674238	0.766879166283388
S2_5101279	2	18	27.5582533037244	0.766879166322242
S2_5132605	2	19	27.7395217171588	0.766879166321944
S2_5562618	2	20	30.2277990033166	0.673673395288906
S2_6246141	2	21	34.1830160676065	0.491772832421902
S2_6534053	2	22	35.8490235836868	0.379930192611559
S2_6826363	2	23	37.540480198991	0.0075905317449611
S2_7040074	2	24	38.7771224100453	0.29302457638045
S2_7081005	2	25	39.0139703137127	0.603526680508585
S2_7720485	2	26	42.7143318352299	0.342230929888876
S2_7741515	2	27	42.8360222755838	0.342230929888745
S2_8186375	2	28	45.4102119710586	1.01863822599059
S2_8215819	2	29	45.5805901605868	1.10586927458353
S2_9509905	2	30	52.0669294378059	0.539410901958765
S2_9534556	2	31	52.2259543113015	0.67430021648561
S2_11831068	2	32	61.2477417793089	0.861667895668817
S2_12496198	2	33	62.5586289573457	0.954829826882059
S2_12521955	2	34	62.6093927494535	0.954829826882012
S2_12944557	2	35	63.4422878875659	0.0292042426401398
S2_13137663	2	36	63.8228754109102	0.532599762612316
S2_13241747	2	37	64.0280118218957	0.532599762612319
S2_14167820	2	38	65.8531846777676	0.84714414968686
S2_14409763	2	39	66.330023756618	0.318915050006768
S2_19594950	2	40	73.120566188183	0.869211888252089
S2_21223513	2	41	73.3151429138701	0.869211888247194
S2_21503088	2	42	73.3485458513579	0.869211888246444
S2_22042605	2	43	73.4130060234928	0.869211888257932
S2_24243005	2	44	73.675904435898	0.507817121164722
S2_30096273	2	45	74.3752385863173	0.507789884704265
S2_31156246	2	46	74.5018815689079	0.717631867207381
S2_43532767	2	47	75.9805980395497	0.601771163223257
S2_45960074	2	48	76.2706067455669	0.762050762736557
S2_47273814	2	49	76.4275691889014	0.76413896918249
S2_49880297	2	50	76.7389854053444	0.825534537399436
S2_50026531	2	51	76.7564570861478	0.825534537399377
S2_53220968	2	52	77.6005472593585	0.444615365993192
S2_55016677	2	53	79.0767676817137	0.80298535244939
S2_55056519	2	54	79.1838472238749	0.810021425623185
S2_55481584	2	55	80.3262538698452	0.666989444152951
S2_56119706	2	56	82.0412734874094	1.07628398189465
S2_56213768	2	57	82.294074950558	1.25046679117824
S2_56874604	2	58	84.8568837315211	2.18557667221456
S2_56899215	2	59	85.0141886255025	2.18557667221456
S2_56932458	2	60	85.2266662408218	1.35415991986494
S2_57422942	2	61	88.3616682163443	2.39222706578124
S2_58055650	2	62	92.405716197377	1.91155951886988
S2_58830624	2	63	97.3590786332129	2.4077371052789
S2_58843549	2	64	97.4416907072737	2.37939199447603
S2_59064560	2	65	98.8543156279892	1.45146663739634
S2_59370294	2	66	100.593167223152	1.28399915653273
S2_60087966	2	67	105.147815058241	2.22543787399386
S2_61183019	2	68	112.718434611201	1.29862802390052
S2_61746676	2	69	116.469624282198	1.01593387037726
S2_61887546	2	70	117.365420203265	1.13836124823064
S2_61971021	2	71	117.896239856215	1.81463009693845
S2_62093572	2	72	118.675544789292	1.27896903444565
S2_62171765	2	73	119.172776069593	1.96224158069952
S2_62312219	2	74	119.927218955593	1.31488366990966
S2_62355008	2	75	120.057769354294	1.67440296734187
S2_62533054	2	76	120.600992525833	0.912018278778918
S2_62707201	2	77	121.132319742699	0.879458596160058
S2_62935786	2	78	121.829738772985	0.879458596322543
S2_63186677	2	79	122.595214013826	1.2773482934625
S2_63358643	2	80	123.119886940581	1.00082352693274
S2_63472859	2	81	123.468363052151	1.03939704434614
S2_63481812	2	82	123.495678897802	1.03939704434618
S2_63835255	2	83	124.481750871471	1.35328267744904
S2_63863442	2	84	124.522330796023	1.15496758790714
S2_65018895	2	85	126.185799613679	0.926831923691097
S2_65427599	2	86	127.300240034682	0.622107079108705
S2_65445561	2	87	127.349760619877	0.600847005110526
S2_65733013	2	88	128.142255400834	0.666330844777319
S2_66012578	2	89	128.913006007676	0.936549166418318
S2_66609639	2	90	130.559081618257	0.608236117540199
S2_66609678	2	91	130.559189139848	0.608236117540199
S2_67203757	2	92	132.197043484141	0.802351425152391
S2_67728117	2	93	133.642685063752	0.856260425994773
S2_67729286	2	94	133.645907954527	0.856260425994768
S2_67815027	2	95	133.882292794479	0.856260425994804
S2_67821192	2	96	133.899289476794	0.870716291164725
S2_67959866	2	97	134.281608685755	0.870716291164743
S2_67981876	2	98	134.344619721772	1.26005678462702
S2_68089545	2	99	134.657544460938	0.808215122500781
S2_68803538	2	100	136.732664256714	0.948141766343163
S2_68850624	2	101	136.869513064341	0.704622167404522
S2_69440484	2	102	138.583857830657	0.94814176845482
S2_69440519	2	103	138.583959553213	0.948142383963288
S2_69463182	2	104	138.649826361335	1.47122046298089
S2_69553976	2	105	139.14396827694	1.36839313179275
S2_69637355	2	106	139.646542010079	1.36839313179262
S2_69817644	2	107	140.733248684108	1.80636153413372
S2_69843647	2	108	140.889983890608	1.45754531577185
S2_69896051	2	109	141.205853281119	2.3347909489511
S2_70048653	2	110	142.125674301093	1.70492150642908
S2_70082670	2	111	142.330714547201	1.69154754894174
S2_70096079	2	112	142.411538389987	2.57348285580426
S2_70241714	2	113	143.289365248376	1.70046037100116
S2_70371277	2	114	144.070316813958	1.70666069181769
S2_70594585	2	115	145.416324024404	1.75490274901101
S2_70711718	2	116	146.122352749667	1.50939537861503
S2_71416862	2	117	148.307136906605	1.45667883702685
S2_71427165	2	118	148.3333420156	1.45667883702684
S2_71441029	2	119	148.368604330569	1.45667883702684
S2_71616572	2	120	148.815088213752	1.95934976884895
S2_71623388	2	121	148.832424331671	1.95934976885175
S2_71719205	2	122	149.076129556231	1.37210198755237
S2_71751927	2	123	149.159356148152	1.372101987551
S2_72252235	2	124	150.43186179422	0.851458181284532
S2_72685887	2	125	151.534831601676	0.918911472259204
S2_72765941	2	126	151.738444510105	1.34678979048277
S2_72766035	2	127	151.738683593891	1.34678979048314
S2_73085069	2	128	152.635142605387	1.93150095905915
S2_74220901	2	129	157.152311144893	1.30279277421854
S2_74422236	2	130	158.02743726744	1.82046181401361
S2_74481484	2	131	158.332181124135	1.40780883126705
S2_74484623	2	132	158.348326664342	1.40780883125353
S2_74650541	2	133	159.201730850391	1.27408713641378
S2_74926068	2	134	160.618912200031	1.28834490977404
S2_74928415	2	135	160.630984064595	1.28834490977658
S2_75260748	2	136	162.34034877103	1.08070938539125
S2_75690084	2	137	164.548651303737	2.19876661420188
S2_75793610	2	138	165.081140375235	0.176059528651026
S2_75931403	2	139	165.789882784186	1.34838347122995
S2_75994516	2	140	166.11450638376	1.34840539539694
S2_76227512	2	141	167.312928265248	1.39141471684259
S2_76694749	2	142	169.716175722891	1.47137765362873
S3_566959	3	1	2.09707882274687	0.194473500256701
S3_714429	3	2	2.70200878507871	0.361940339339596
S3_763697	3	3	2.90410880124583	0.361940339336947
S3_1108965	3	4	4.32041691974039	0.707523878009983
S3_1461654	3	5	6.01505099459637	0.502108023264641
S3_1841291	3	6	7.87515583148371	0.443600091270763
S3_2047847	3	7	8.88721686528205	0.328496820863347
S3_2083386	3	8	9.06134706280795	0.387166334339316
S3_2189352	3	9	9.58054795509612	0.828714083991781
S3_2482303	3	10	11.0159179850747	0.887474953722084
S3_2573225	3	11	11.4614078924849	1.06212996845556
S3_3769996	3	12	17.3252186531496	0.507071858424133
S3_3811810	3	13	17.5300944256629	0.248420836250673
S3_3920108	3	14	18.0607214025519	0.330274167863487
S3_4749627	3	15	21.1299746017973	0.255742149727983
S3_5589308	3	16	24.1759483652972	0.323475440207308
S3_5613142	3	17	24.2624070784029	0.226348649727086
S3_5715383	3	18	24.6332900727233	0.323475440610109
S3_6796625	3	19	28.7339589128153	0.0870343567372376
S3_7046470	3	20	30.6312831600226	0.372643376312209
S3_7136248	3	21	31.3130577653409	0.0564209640200203
S3_7175794	3	22	31.6133702978313	0.0564209640210381
S3_7535284	3	23	33.8780983691108	0.156506678637569
S3_7692971	3	24	34.5454835296352	0.156506678636536
S3_8001322	3	25	35.850530119607	0.769395873310194
S3_8745473	3	26	39.0131260987409	0.766434693413099
S3_9549441	3	27	42.4474468737013	0.285140439602385
S3_9777744	3	28	43.9333077311915	0.538539447204348
S3_10020927	3	29	45.6984017188553	0.377556994083487
S3_10570546	3	30	48.5487935641658	0.278184383650462
S3_10617995	3	31	48.696615750111	0.278184383650624
S3_11140439	3	32	50.3242330679463	0.639168975096181
S3_11483090	3	33	51.5566415406893	0.11186953109355
S3_11707499	3	34	52.4206219187016	0.134418260340274
S3_11730169	3	35	52.5079019973505	0.134418260351881
S3_15371920	3	36	62.3739949543927	0.234717412264411
S3_15774801	3	37	62.6455206896892	0.420100642447015
S3_16628947	3	38	63.2211810477121	0.630215151474271
S3_18812042	3	39	64.6925000602671	0.197242976728612
S3_20478129	3	40	65.8153762885901	0.459569438202242
S3_20800625	3	41	66.0327257380061	0.459569438206861
S3_25861668	3	42	69.4436669885053	0.186267054738518
S3_30314586	3	43	70.4724821029515	0.524236090479087
S3_31544931	3	44	70.5048521983138	0.52423609047907
S3_31574790	3	45	70.50563778177	0.52423609047907
S3_31814791	3	46	70.5119521531513	0.524236090479462
S3_38233374	3	47	70.6808236028672	0.52423609047907
S3_39538268	3	48	70.7151550653575	0.524236090479425
S3_41235129	3	49	70.7597990899088	0.524145807640831
S3_42069341	3	50	70.7817470167036	0.415921612489977
S3_50692482	3	51	76.4389583471281	0.349158467477647
S3_52291152	3	52	80.026156867227	0.172223477432747
S3_52817677	3	53	81.4286749910612	0.383057963362204
S3_53328118	3	54	82.9280413688031	0.376764080031902
S3_53571170	3	55	83.6419808776649	0.373178773019791
S3_53741831	3	56	84.1432794908088	0.412583025820024
S3_54811219	3	57	87.4108211811809	0.560690700023945
S3_55159188	3	58	89.1049830522389	0.115032511522059
S3_55361715	3	59	90.0910292841152	0.062068971297635
S3_55429382	3	60	90.4204806183688	0.186246228103319
S3_56442030	3	61	96.7767165707682	0.28081569087316
S3_56664715	3	62	98.2418406555044	0.263728599169301
S3_57259333	3	63	102.154044679205	0.577512645516435
S3_58357386	3	64	108.626297721816	0.162040330092796
S3_58449925	3	65	109.110898595816	0.188315678885019
S3_59021811	3	66	112.035814683934	0.158922945775463
S3_59130165	3	67	112.538576560707	0.158922945775464
S3_60136632	3	68	117.208577094418	0.094638030914772
S3_60275948	3	69	117.85500245596	0.308373602991319
S3_60699385	3	70	119.819747465973	0.115599889872398
S3_60709044	3	71	119.864565165068	0.115599889869797
S3_60822644	3	72	120.391668448762	0.256476317206479
S3_60842141	3	73	120.482134405823	0.25647631721002
S3_61324791	3	74	121.906982579413	0.431650905327943
S3_61392488	3	75	122.064037406685	0.193967497028882
S3_61415852	3	76	122.118241123015	0.155804949659584
S3_61842469	3	77	123.107978618713	0.608460073518402
S3_61973292	3	78	123.411483702664	0.252358021171161
S3_62373842	3	79	124.340746610382	0.272921666918832
S3_62378769	3	80	124.352177089339	0.272921666918833
S3_62398185	3	81	124.397221574712	0.297788442286048
S3_62441101	3	82	124.49678529197	0.299901751259698
S3_62997877	3	83	125.788487413323	0.439027361929207
S3_63753977	3	84	127.542614699618	0.421062535027154
S3_64376167	3	85	128.986075162864	0.187099015471073
S3_65243288	3	86	131.097331080414	0.28166741622315
S3_65386194	3	87	131.46532591051	0.24875373607429
S3_65482667	3	88	131.713751905527	0.12231029982141
S3_65621113	3	89	132.070261864854	0.128077609317755
S3_65769558	3	90	132.452520080419	0.141539870372967
S3_65891350	3	91	132.766144605261	0.396269852904769
S3_66117269	3	92	133.346858226029	0.430760020875353
S3_66231603	3	93	133.639296715783	0.108237281061858
S3_67547166	3	94	137.004186047882	0.119196253024446
S3_67825820	3	95	137.716915025473	0.119196253019195
S3_67934855	3	96	137.995799965476	0.119196253024427
S3_68853230	3	97	140.374199521245	0.208968987043205
S3_69570024	3	98	143.236480663327	0.699081599958583
S3_69669431	3	99	143.633429830718	0.200683807251706
S3_69905028	3	100	144.574208980978	0.871356802385669
S3_70268304	3	101	146.024832234201	1.28383880229738
S3_70321880	3	102	146.238770373287	1.28383880229208
S3_70480125	3	103	146.870669746509	1.54877851265612
S3_70734364	3	104	148.014165843479	0.762028400096215
S3_70748395	3	105	148.084756698168	1.35574498199421
S3_70863922	3	106	148.665980393532	1.08628700546715
S3_70964759	3	107	149.173297763233	0.78484584791654
S3_70976233	3	108	149.231024188056	0.449157445302722
S3_71009679	3	109	149.399293144362	0.819424910220847
S3_71041333	3	110	149.558546434528	0.686213385560764
S3_71257520	3	111	150.646197001319	2.18164552151151
S3_71257548	3	112	150.646337871103	2.18164552151151
S3_71440975	3	113	151.569170791281	1.19099671000511
S3_71689527	3	114	152.819651734525	2.32471379351135
S3_71691801	3	115	152.831092373365	2.36586614494156
S3_71816828	3	116	153.46011117382	1.09595263448856
S3_72463010	3	117	156.770786234826	2.85900597600654
S3_72485673	3	118	156.887308614453	3.29855647728296
S3_72847112	3	119	158.745656245847	1.20381990238152
S3_72927543	3	120	159.159194237985	1.45605168809652
S3_73897275	3	121	163.055603008844	1.20683716717016
S3_73957465	3	122	163.277558746408	1.03989062253063
S3_74124699	3	123	163.894248326334	0.737639768267525
S4_277852	4	1	0.877574144186738	0.231055242329792
S4_572956	4	2	2.01585355541713	0.489945981180054
S4_1145655	4	3	4.224876410181	0.700802412161847
S4_1262607	4	4	4.67598535381516	1.06358403095416
S4_1369158	4	5	5.08697541001911	0.741399885606093
S4_1664019	4	6	6.22431751813966	0.981545879866347
S4_2026262	4	7	7.62156644991399	0.647984667208234
S4_3377167	4	8	12.6969765136082	1.10772918132003
S4_3924021	4	9	14.741870431201	0.491131158337763
S4_4027064	4	10	15.127187177445	0.140147629484668
S4_4715637	4	11	17.7020220319376	0.497434570905071
S4_5061440	4	12	18.9951102262003	0.571711516295699
S4_5551256	4	13	20.6489206510111	0.957487676837011
S4_5644823	4	14	20.9646968414664	0.560470552279801
S4_5895454	4	15	21.8105431589715	0.980577088188831
S4_6065662	4	16	22.3849725392553	0.583868129410397
S4_6483509	4	17	23.7951506346648	0.549617444881109
S4_7148847	4	18	27.874325377088	0.812017229292858
S4_7811678	4	19	31.4368498427775	0.902208537878938
S4_9585774	4	20	40.5841055688155	0.276450783563634
S4_9717856	4	21	41.2532254377488	0.700178541656039
S4_9835691	4	22	41.8501708183136	0.0799053881671522
S4_12497924	4	23	55.3368911589344	0.0860105292111325
S4_12525431	4	24	55.4762400500381	0.0987293708297468
S4_16372038	4	25	59.5021799502259	0.0860105292106898
S4_20159577	4	26	59.7465054617189	0.0973116728285751
S4_22296056	4	27	59.8843248543296	0.113586173284886
S4_27794247	4	28	60.2390006288528	0.141248810856907
S4_33771575	4	29	60.6245844395969	0.264948393589708
S4_37317005	4	30	60.8532920511127	0.264927422431554
S4_37450371	4	31	60.8618951879163	0.213174154924246
S4_38437866	4	32	60.9255962404921	0.213174154924246
S4_41459250	4	33	61.120498838516	0.213174154924131
S4_41670443	4	34	61.1341224177712	0.213174154924241
S4_42141405	4	35	61.1645031033678	0.213174154924245
S4_42928903	4	36	61.2153028051398	0.0973311471405738
S4_44347105	4	37	61.3067877849778	0.0291822755650288
S4_44403104	4	38	61.3104001528816	0.0291822755651479
S4_47717404	4	39	61.8106741102669	0.0238816689403021
S4_48782125	4	40	63.2369421866635	0.170518408214888
S4_50267019	4	41	67.7085082508473	0.0438839439201439
S4_50462556	4	42	68.9709271865349	0.536304821855603
S4_50524490	4	43	69.3707832463234	0.536304821855462
S4_50710309	4	44	70.5704611804767	0.144504670772754
S4_51327084	4	45	74.5524617177597	1.04603556215885
S4_51703812	4	46	76.9846794607123	0.00706309088004339
S4_51889053	4	47	78.1806257320865	0.00224734558707749
S4_52142689	4	48	79.4926790610026	0.0105888407280428
S4_52670643	4	49	81.5406881647182	0.0385718585723337
S4_52700725	4	50	81.6573805467401	0.387531668044133
S4_53260988	4	51	83.8307208841086	0.409772727466433
S4_53366589	4	52	84.2403622721111	0.364276873651438
S4_53412277	4	53	84.417592560982	0.400118827627248
S4_53476033	4	54	84.6649112069559	0.400118829657111
S4_53875516	4	55	86.2145629205136	0.706240257498688
S4_54931448	4	56	90.3106742273787	1.49773868243326
S4_54940748	4	57	90.3467502579884	1.49773868243326
S4_55587604	4	58	92.8559972317647	0.334735442682488
S4_56428520	4	59	95.4549720686908	1.85056000435075
S4_56428522	4	60	95.4549781209254	1.85056000435074
S4_56514193	4	61	95.7756205561881	2.31049992250302
S4_57069020	4	62	97.9420333724905	0.275293296410231
S4_57303601	4	63	98.8348571054774	0.198911348251103
S4_57499607	4	64	99.2795534388314	1.9929928505091
S4_57516802	4	65	99.3185652724081	2.21873013776654
S4_57662319	4	66	99.6487126982046	2.21426973468472
S4_58140549	4	67	102.867914051102	1.3711070457222
S4_58695211	4	68	105.252847507433	2.16134316971606
S4_59005450	4	69	105.989065506537	0.169786763724553
S4_59032214	4	70	106.052578277426	0.050169461563227
S4_59102932	4	71	106.220396844597	0.0501694615630715
S4_59187835	4	72	106.421877370185	0.169786763724493
S4_59333526	4	73	106.767611905519	0.0909590574628839
S4_59705352	4	74	107.649979995072	1.16837559612516
S4_59745788	4	75	107.745937340898	0.00348839492934669
S4_60356888	4	76	109.196118714782	1.09336733812993
S4_60372659	4	77	109.233544357799	1.16242884067665
S4_60376916	4	78	109.243646504925	1.16242884068314
S4_60480661	4	79	109.489840362941	1.16242884068315
S4_60786328	4	80	110.451140751827	0.3594618021596
S4_60864055	4	81	110.741105902502	1.03988158074936
S4_61049303	4	82	111.432184475355	1.05170069917715
S4_61586054	4	83	113.390376099288	1.04197995815085
S4_62353568	4	84	116.421090312883	0.58131378327546
S4_62527347	4	85	117.359352952177	0.488087506347568
S4_62912417	4	86	119.438411955353	0.932187826267148
S4_62952704	4	87	119.655928381096	0.932187826267975
S4_62991639	4	88	119.866145126853	0.932187826267145
S4_63123457	4	89	120.577853127166	0.557803173882261
S4_63326917	4	90	121.676368578347	0.424714557083743
S4_63532761	4	91	122.787755654592	0.383577270822518
S4_64628206	4	92	128.702251174196	0.47170552241524
S4_64794521	4	93	129.600214396761	0.73563474070654
S4_64817997	4	94	129.726965348947	0.0386466625666922
S4_65019397	4	95	130.814358506658	0.171704742511264
S4_65106424	4	96	131.284232212398	0.617686606474541
S4_65415881	4	97	132.955043654333	0.175110808241631
S4_65441255	4	98	133.092042234192	0.175110808233383
S4_65569947	4	99	133.786872424123	0.753057897154813
S4_65770253	4	100	134.868358888117	0.278355528730936
S4_65772650	4	101	134.881300702412	0.278355528730947
S4_65925206	4	102	135.704976723106	0.427018274137455
S4_66228387	4	103	137.341902964158	0.911027319004114
S4_66583785	4	104	139.260757747991	0.434518919110707
S4_66699763	4	105	139.886942870359	0.522414921125471
S4_67174893	4	106	141.924053847154	0.613091982579633
S4_67519829	4	107	143.254545968549	0.209651043227525
S4_67522846	4	108	143.266183184526	0.209651043227534
S5_446174	5	1	1.52224292108545	0.0821096998838003
S5_625655	5	2	2.19197293858614	0.225701230443617
S5_1021182	5	3	3.66787459186418	0.220272874621771
S5_1041011	5	4	3.74186613702507	0.0749980521059634
S5_1126607	5	5	4.06126602101273	0.0937893435060938
S5_1549419	5	6	5.63898114495066	0.330756007069429
S5_1912234	5	7	7.87023020686482	0.447949051599886
S5_2224945	5	8	9.88497426098624	0.268706799021305
S5_2306717	5	9	10.4118174190255	0.407531955590835
S5_2446723	5	10	11.3138523843492	0.399606495633532
S5_2459748	5	11	11.3977702551785	0.418386907271811
S5_2632572	5	12	12.5112460408384	0.41838690727368
S5_2767363	5	13	13.3796816436764	0.474399609998005
S5_2802165	5	14	13.6111765606606	0.585009174721981
S5_3326200	5	15	18.1367618699469	0.319680910585023
S5_5055394	5	16	29.9901874373989	0.676207120736897
S5_5128742	5	17	30.403907790866	1.07828133720701
S5_5186687	5	18	30.730747321346	1.07828176304323
S5_5263601	5	19	31.16458174446	0.371909194158564
S5_5289088	5	20	31.3083415013561	0.458731963868211
S5_5310337	5	21	31.4281967638148	0.575396408773959
S5_5755229	5	22	33.9376159094585	0.403025485034822
S5_6100683	5	23	35.8861537153511	0.080870239075366
S5_6289764	5	24	36.9526675692245	0.475596885401535
S5_6289808	5	25	36.9529157518	0.475596885401531
S5_6848623	5	26	40.1049190691733	0.217684602555664
S5_7690050	5	27	44.0866995741725	0.296504918140458
S5_8518638	5	28	46.3232734582987	0.205200266216033
S5_8719027	5	29	46.8641753348238	0.399049540003722
S5_8905620	5	30	47.3678382297254	0.435635308266919
S5_9467603	5	31	49.116441910075	0.22180583523575
S5_9541562	5	32	49.3623484080343	0.221805835231207
S5_9764716	5	33	50.1043138029911	0.667794994620585
S5_11172463	5	34	54.7849359690926	0.217268212549706
S5_11441547	5	35	55.6796141569653	0.290095388918377
S5_11663887	5	36	56.4188730809133	0.368899927143268
S5_12470931	5	37	57.839038402317	0.459513023765661
S5_15263263	5	38	59.8702461806769	0.421012294076574
S5_15272376	5	39	59.8768751905813	0.421012294062476
S5_15278752	5	40	59.8815132425016	0.421012294062153
S5_15758860	5	41	60.2307550604705	0.210878888938767
S5_16004923	5	42	60.409747056969	0.239302345640056
S5_17617652	5	43	61.582883950858	0.21958770978495
S5_17638459	5	44	61.5980194505924	0.219587709776596
S5_18158078	5	45	61.9760024965137	0.134411978992921
S5_18530792	5	46	62.2471234004405	0.134411978989772
S5_19207697	5	47	62.7395199711959	0.134411978989727
S5_20200953	5	48	63.4620376779381	0.115659447428807
S5_20737187	5	49	63.646060710654	0.115659447428978
S5_28290427	5	50	64.8975670225007	0.115659447432518
S5_32706459	5	51	65.6292651972333	0.158818717871176
S5_35204004	5	52	66.0430867270166	0.456529706280689
S5_41448609	5	53	67.0777635772808	0.409167411704122
S5_47000808	5	54	69.5321871128607	0.369252971913532
S5_51297404	5	55	78.1674524564962	0.388279272799876
S5_51508187	5	56	78.5609965433368	0.583319405305771
S5_52277025	5	57	79.9964616834968	2.13976376320023
S5_54448528	5	58	90.3405501326674	1.02840826349164
S5_55146090	5	59	94.501682151613	2.27807019812505
S5_58133066	5	60	109.276875348475	0.875725870306853
S5_58669461	5	61	112.898139429677	3.00747998678898
S5_59052070	5	62	114.648739614756	1.10967757064272
S5_59560623	5	63	116.574563604677	0.198305490178789
S5_59692251	5	64	117.073021700775	0.122260988731277
S5_60426039	5	65	119.830618449309	0.82115405102226
S5_60787040	5	66	121.091513169502	0.080835363333332
S5_61044403	5	67	121.832121004153	0.308631317012176
S5_61065606	5	68	121.89313641009	0.0673998903447527
S5_61966001	5	69	124.049507664859	0.139505990400626
S5_62036077	5	70	124.178050852063	0.123133703744459
S5_62129985	5	71	124.35031002245	0.0752206540349075
S5_62131181	5	72	124.352503892704	0.0752206540349065
S6_114296	6	1	0.286339927792229	0.50075597660759
S6_367565	6	2	1.2039327001688	0.0841410778230299
S6_928930	6	3	3.23775628957443	0.351261346842432
S6_1553686	6	4	5.501245268087	0.105409291724651
S6_1970542	6	5	7.22190671018664	0.278817534841345
S6_2159698	6	6	8.91007062118255	1.82376435902211
S6_3228290	6	7	18.4469526126549	0.530993976634199
S6_5858254	6	8	26.0102859231377	0.486721166761851
S6_7005781	6	9	26.2325760444643	0.373962869747837
S6_11167728	6	10	27.0387964676743	0.0709601117622843
S6_15104204	6	11	27.8013403796165	0.408149206170705
S6_23227336	6	12	29.3748911525674	0.217239984309236
S6_27489006	6	13	30.2004291498031	0.254225816645548
S6_29882120	6	14	30.6640048228883	0.7824399638962
S6_31015835	6	15	30.8836193896042	0.785671167073628
S6_31707792	6	16	31.0176599877625	0.635329363234239
S6_41869707	6	17	41.8575486862054	1.70315122789163
S6_42410515	6	18	43.8804644660825	0.43192281190496
S6_42622684	6	19	44.6740918127578	2.06545803003418
S6_43362906	6	20	47.4429243086013	1.05926695735247
S6_44975837	6	21	53.476162670003	1.45459712598416
S6_45753821	6	22	56.3862455646568	0.619437501068119
S6_46111881	6	23	57.7255845244036	0.788431634803049
S6_46120854	6	24	57.7591484200798	0.424045980136836
S6_46437152	6	25	58.9422748075289	1.03382970100154
S6_46508073	6	26	59.2075578840083	1.15227019920956
S6_48516651	6	27	66.7979748444636	0.74674251646197
S6_48666852	6	28	67.2923713663274	0.178859683191406
S6_48847900	6	29	67.8883028281046	0.436795868604656
S6_49091899	6	30	68.6914416683137	1.12256642911161
S6_49301854	6	31	69.3825224317435	0.716546511803915
S6_49557823	6	32	70.2250613183352	0.662768907946541
S6_50014795	6	33	71.2785312054938	0.623822049942059
S6_50039518	6	34	71.3044640219171	0.540984126343734
S6_50335266	6	35	71.6146844074515	1.08245861390515
S6_50674437	6	36	72.6859335499475	0.715968526814926
S6_51021754	6	37	74.3360987225058	0.220888301268048
S6_51284481	6	38	75.5843616790865	0.657955193619995
S6_51853944	6	39	78.2899822207258	0.878187621682716
S6_52115246	6	40	79.5314747474948	0.523553564807533
S6_52239635	6	41	80.1224691291386	0.524669961867721
S6_52247265	6	42	80.1587206234985	0.524669961688737
S6_52490455	6	43	81.1434740734315	0.199306637149283
S6_52747881	6	44	81.647668173361	0.471641400030151
S6_52992347	6	45	82.8912612644377	0.220671289214337
S6_53766843	6	46	86.8311051472948	0.206320521233374
S6_53812892	6	47	87.065355383528	0.453379539970049
S6_53910360	6	48	87.5611729262581	0.0880455245263063
S6_54088634	6	49	88.4680487892354	0.193158988141491
S6_54252779	6	50	89.3030507442508	0.14691926072635
S6_55176217	6	51	92.7226258689766	0.160132378336613
S6_55711593	6	52	95.2656658113888	0.127465705999283
S6_55935898	6	53	96.4991781478396	0.169492744081273
S6_56547690	6	54	99.8635836641764	0.228739445519316
S6_56578707	6	55	100.034154325284	0.228739445519306
S6_56671344	6	56	100.543589613449	0.328479087626145
S6_56713901	6	57	100.777621777254	0.5203736785526
S6_57324559	6	58	102.658670977388	0.155323226679134
S6_57329859	6	59	102.674643393444	0.155323226680952
S6_57356226	6	60	102.754104656493	0.204631059493652
S6_57680513	6	61	103.731396521709	0.478538429604439
S6_57760405	6	62	103.972164118609	0.251552697943807
S6_58208840	6	63	105.323596268458	0.244167520205963
S6_58434905	6	64	106.00579802172	0.306614780043832
S6_58749572	6	65	106.977534056604	0.298034198960074
S6_59269696	6	66	108.585265726078	0.225673578836251
S6_59448315	6	67	109.189062937084	0.351903014835228
S6_59605809	6	68	109.721449961703	0.36340755853046
S6_60096762	6	69	111.381049736281	0.298914403132564
S6_60199185	6	70	111.727276743166	0.139167003707984
S6_60204998	6	71	111.746926798242	0.139167003709625
S6_60216422	6	72	111.785544074895	0.139167003707881
S6_60446749	6	73	112.564133139998	0.341230037157869
S6_61131968	6	74	114.880422678786	0.204776552319481
S6_61262660	6	75	115.322209191424	0.749350149428075
S6_61498318	6	76	115.872666004181	0.696694465026324
S6_61751398	6	77	116.346040629322	0.527022859202018
S6_61775789	6	78	116.391662885059	0.527022859228206
S7_436434	7	1	2.17102936638112	0.823380230005353
S7_581540	7	2	3.10674641622117	0.254877514444049
S7_1795354	7	3	10.9734963800995	0.853132572629784
S7_1841761	7	4	11.2691355721779	0.712395901944586
S7_1888070	7	5	11.5641504480792	0.784252932945963
S7_2283412	7	6	14.0606057942037	0.688689169658467
S7_2555866	7	7	15.7695156427374	0.712474860467139
S7_2810744	7	8	17.3681837642354	0.386168434583645
S7_2919596	7	9	18.0509249168848	0.485639417881472
S7_3473963	7	10	21.4767911431588	1.24214427392555
S7_3719221	7	11	22.9924316825912	2.20584417142024
S7_4027277	7	12	25.5993566784727	1.65548603703703
S7_4227535	7	13	27.5354084038375	2.08815680851033
S7_4708507	7	14	32.1853433400306	1.18886855366094
S7_5064509	7	15	35.6270949121691	1.57841705641429
S7_5080761	7	16	35.7842157894405	1.60869762384803
S7_5773128	7	17	39.7396184880673	1.68157974492484
S7_6662757	7	18	44.3435004442428	0.965406379658391
S7_7879045	7	19	50.9674491115603	0.176280916897398
S7_8889420	7	20	53.3849899148617	1.24408948911357
S7_9788839	7	21	54.5121499268169	0.0650945945800717
S7_9883610	7	22	54.5305998341144	0.0650945945800668
S7_10305618	7	23	54.6127558573579	0.0650945945800696
S7_16217338	7	24	55.7636425839819	0.310964023160955
S7_17344377	7	25	55.9830532166721	0.425783315104786
S7_17701183	7	26	56.0525157909111	0.425783315089573
S7_17769117	7	27	56.0657411024763	0.425783315086509
S7_23504604	7	28	57.1823189950397	0.298153996705611
S7_27475127	7	29	57.9552957629609	0.343783730963016
S7_29683419	7	30	58.3852034634795	0.343783730963003
S7_37561466	7	31	59.9188924277775	0.888770008397866
S7_43630599	7	32	61.1004241329016	0.414927415221749
S7_52252758	7	33	64.4673019473747	1.04986364399934
S7_52552035	7	34	65.2898104165163	2.19609059937013
S7_53473323	7	35	67.8218031273446	1.55183757667037
S7_53848444	7	36	69.7206965126339	0.882126727002614
S7_54217510	7	37	71.6131804535708	1.30087406362155
S7_54660263	7	38	73.8835140586757	0.527021014734164
S7_54923788	7	39	75.234808489849	0.527021014705684
S7_54923961	7	40	75.2356955932987	0.527021014705567
S7_55268134	7	41	77.0005340650195	0.661319583972605
S7_55700992	7	42	79.2201284294586	0.259533554570423
S7_55919581	7	43	80.3410015853859	0.498912405714732
S7_55960361	7	44	80.5501118667757	0.151951500258788
S7_56026641	7	45	80.8899801711042	0.456835019945784
S7_56452647	7	46	83.0355168006908	2.3326966309517
S7_57462335	7	47	88.0483451909573	0.512911896812011
S7_57504955	7	48	88.4390714027729	0.512911676480879
S7_57586956	7	49	89.193987876365	0.583932055681294
S7_57592722	7	50	89.2470707459243	0.583932055690705
S7_57771331	7	51	90.8913784547547	0.518125276680686
S7_57893515	7	52	92.0162271079343	0.398191946511494
S7_58118907	7	53	94.0912278251922	0.385341685940275
S7_58484190	7	54	96.9437326082817	0.36057822351995
S7_58976564	7	55	99.7023049823607	0.432878178224033
S7_59663043	7	56	103.421776435448	0.101799987803436
S7_61043339	7	57	110.263509319888	0.341889032160854
S7_61508244	7	58	112.567910569071	0.773647382693877
S7_61633140	7	59	113.184912336907	0.203194983269923
S7_61719755	7	60	113.590011923156	0.625229928647447
S7_62037723	7	61	115.077152779135	1.09667226535698
S7_62299631	7	62	116.30210021821	0.883072063031206
S7_62747095	7	63	117.745034506919	1.57616180752752
S7_62750171	7	64	117.749523822555	1.57616180752678
S7_62799815	7	65	117.821977523934	1.53302758055617
S7_62823539	7	66	117.856601881591	1.53302758055604
S7_63079178	7	67	118.229698162448	1.9020234591948
S7_63124990	7	68	118.454452989458	2.22016831320315
S7_63133666	7	69	118.510300790596	2.22016831320317
S7_63217701	7	70	119.051237854755	2.07132669210838
S8_377492	8	1	1.99780328101828	0.0263011277850091
S8_1157132	8	2	7.61173236935281	0.150591332670348
S8_1235490	8	3	8.3996032545722	0.0797899847758716
S8_2047825	8	4	15.8541321353539	0.0602458152988217
S8_2182111	8	5	17.0758496497836	0.417232185515395
S8_2534785	8	6	20.2844343323565	0.765601489108072
S8_2789852	8	7	22.6050025319682	0.541324771888437
S8_2813288	8	8	22.8182203779698	0.0525513666813995
S8_3416417	8	9	28.5981735624479	0.81252711423161
S8_4016742	8	10	34.0642008851069	1.08017671494318
S8_4375057	8	11	36.8920407994506	0.842205084744865
S8_5339502	8	12	41.3677668152543	0.518599788613539
S8_5366356	8	13	41.533166135616	0.518599788613644
S8_6402178	8	14	46.1181909728518	0.738654500044365
S8_6553843	8	15	46.1884782644101	1.2828886523469
S8_9158345	8	16	47.3955029005366	1.0011192148645
S8_11290924	8	17	48.3838205871754	0.369359697973309
S8_11486039	8	18	48.4742442504622	0.369359697915997
S8_12317173	8	19	48.8594231498919	0.369359697916169
S8_16772826	8	20	50.9243411038928	0.172434568569076
S8_16861846	8	21	50.9655963354526	1.02140320995854
S8_23709400	8	22	54.1390115891967	1.35409775966555
S8_24177730	8	23	54.3560534067254	1.35409776007109
S8_28198768	8	24	56.2195543480958	1.35409776027915
S8_28614404	8	25	56.4121757750178	1.35409776031011
S8_34086325	8	26	58.9480707192099	1.08229432699648
S8_37244853	8	27	60.4118519372299	0.14122934039615
S8_40266069	8	28	61.81199758621	1.05887712608752
S8_40557670	8	29	61.9471365075543	1.05887713077848
S8_41887557	8	30	62.5634563922249	0.51504435741524
S8_42679387	8	31	63.3144936979123	0.497082782409764
S8_42923619	8	32	63.7023561911019	0.497082782409755
S8_44280667	8	33	65.8574710845554	0.477109801877772
S8_45639185	8	34	69.3799590240078	0.346134448587708
S8_45685542	8	35	69.6099231721904	0.34613444858784
S8_46183553	8	36	72.0804168495331	1.31352448615897
S8_47197871	8	37	77.1121655575234	0.807507115403588
S8_47417106	8	38	78.1997292485909	1.04212331098883
S8_48034904	8	39	81.2644528247267	0.612103004571526
S8_48230512	8	40	82.2348095582881	0.60429747380499
S8_48281845	8	41	82.4894582546804	1.02643933947098
S8_48404087	8	42	83.095866723782	0.336001146309583
S8_49839868	8	43	91.2890609497302	0.956143325859841
S8_49875527	8	44	91.5261539719757	1.3023483630218
S8_50488733	8	45	94.9128860741962	0.887992304062543
S8_50538094	8	46	95.1687154963653	0.742723102987449
S8_51052865	8	47	98.3770226196189	0.503261719165443
S8_51650367	8	48	102.543290410897	0.790032652547098
S8_52304987	8	49	107.10783115139	1.21999716677659
S8_52641617	8	50	109.461466317129	0.796520941809365
S8_52653238	8	51	109.542771822786	0.60223476368397
S8_52943711	8	52	111.575045649886	0.767472041078712
S8_53237964	8	53	113.633765979988	0.84867061622026
S8_53501790	8	54	115.479605953784	0.834111805716677
S8_53511394	8	55	115.546799661411	0.690025128548573
S8_53614567	8	56	116.268642268343	0.661990605971548
S8_53971834	8	57	117.602454903238	0.491543496566904
S8_53981219	8	58	117.63783085315	0.491543496533596
S8_54339789	8	59	118.98942961286	0.733350577555269
S8_54779568	8	60	120.689742128971	0.887343951164453
S8_54823476	8	61	120.949288915282	0.22558856677218
S8_55221410	8	62	123.301536589139	0.355167603247135
S8_55285952	8	63	123.68305405024	0.170705191188685
S9_94954	9	1	0.318222663175156	0.307504402641233
S9_545479	9	2	2.44533560309179	0.132881489891604
S9_1105142	9	3	5.66141996121154	0.206458878689089
S9_1110317	9	4	5.69115792236543	0.20645887868909
S9_1198394	9	5	6.19728940150576	0.241077693241208
S9_1529156	9	6	8.15709983518492	0.319295343981361
S9_1738436	9	7	9.82254261006235	0.190255998655515
S9_2055588	9	8	12.3464269130914	0.159615276387881
S9_2156515	9	9	13.1496003789747	0.68851354475558
S9_2744211	9	10	18.5594289907527	0.687108102542966
S9_2907436	9	11	20.2419562062881	0.45390449030762
S9_3060082	9	12	21.8154348360483	0.866294124604928
S9_3529957	9	13	26.6589176076805	1.25809969719406
S9_3555869	9	14	26.9260191252725	1.64642864335378
S9_3590415	9	15	27.2821201219818	0.489648368236289
S9_3848263	9	16	29.9400234913882	0.48593070220812
S9_4422563	9	17	34.9338087855618	0.79179400782499
S9_4434057	9	18	35.0133167583793	0.791794007820293
S9_4490489	9	19	35.4036764175093	1.02024768875984
S9_4529506	9	20	35.6735704992409	0.891616178355332
S9_4914889	9	21	38.1764315293965	0.933134539665434
S9_5373850	9	22	40.6067403132226	1.06986520939495
S9_5626419	9	23	41.9441538608272	1.31145321206343
S9_6088921	9	24	44.3932130905594	1.00633856655089
S9_6273336	9	25	45.2589104973337	0.409879144064817
S9_6403089	9	26	45.7119072766796	0.915713228076669
S9_6430649	9	27	45.8081254083511	0.915713228076671
S9_6810859	9	28	47.132401927612	1.30168594510109
S9_7131683	9	29	48.2140829661639	0.555906011506273
S9_7221290	9	30	48.5161993689938	0.516249296727557
S9_7319809	9	31	48.8483632165772	0.506791759984846
S9_8214056	9	32	50.5226263629831	0.44893580177669
S9_8214057	9	33	50.522627785197	0.44893580177669
S9_8280581	9	34	50.6172391397357	0.555906011506336
S9_8400690	9	35	50.7880598237338	0.4485062392053
S9_9079584	9	36	51.7535922771071	0.0737734232330471
S9_9366104	9	37	52.0628781242785	0.221021837680101
S9_11676861	9	38	53.8595280205667	0.859796736274722
S9_13029934	9	39	54.911563550534	1.52758716670557
S9_13799936	9	40	55.5102522111944	1.52758716670158
S9_17563246	9	41	56.7279997551512	1.04255947094062
S9_18250177	9	42	56.9231519602471	1.04255947094062
S9_31600682	9	43	60.7159353546403	1.13833046121496
S9_39695629	9	44	63.0156521488809	1.10150681891844
S9_40662937	9	45	63.2904574629618	1.10150681891844
S9_41396056	9	46	63.4987313499281	1.10150681891838
S9_41581644	9	47	63.5514555790564	1.10149650438268
S9_41763480	9	48	63.6031138917048	1.03028187162731
S9_44206125	9	49	64.2970519408196	0.815167013489244
S9_44624237	9	50	64.4158345824198	0.81516701348916
S9_46990222	9	51	65.0879940714715	0.993078587152863
S9_47656904	9	52	66.4596156639688	1.82047001841704
S9_48006384	9	53	67.4417385543116	1.36039498365528
S9_48267442	9	54	68.1753743489411	0.603798319287609
S9_49222874	9	55	71.316982135977	1.92660138058118
S9_49993703	9	56	76.3553201371512	1.21916662206893
S9_50000978	9	57	76.4118682027015	1.08146013650023
S9_50034932	9	58	76.6757902669899	1.72397533499062
S9_50121777	9	59	77.3508303704572	1.72397533464257
S9_50634279	9	60	81.3344725272557	1.72429038608485
S9_50899876	9	61	83.5464425771985	1.24210022354168
S9_50979662	9	62	84.2624513484389	1.86789736680637
S9_50981809	9	63	84.281718774201	0.43533341047228
S9_51202941	9	64	86.2661828606565	1.640384122362
S9_51302528	9	65	87.1598880909165	1.70940515630606
S9_51310463	9	66	87.2310976966091	1.70940515630557
S9_51407629	9	67	87.77874315527	1.70940515631724
S9_51490241	9	68	88.2400739593537	1.27252193212081
S9_52810494	9	69	95.6379520554781	1.67023954640167
S9_53011958	9	70	96.7744654565072	2.18852376540579
S9_53541871	9	71	99.6908084803005	1.67284567031696
S9_53541881	9	72	99.6908461135735	1.67284567031695
S9_53542027	9	73	99.6913955593585	1.67284567031702
S9_53869283	9	74	100.922966996452	0.407031008091508
S9_54089483	9	75	101.751651666703	1.70847198447965
S9_54360840	9	76	102.77285687136	0.240991428754681
S9_54774107	9	77	104.328115852382	0.137917955637179
S9_54871447	9	78	104.69443813123	0.0433228926061413
S9_54991840	9	79	105.147516394198	1.26451276765357
S9_55070766	9	80	105.444551639621	0.0336816734528746
S9_55228681	9	81	106.102444322643	0.119420467412945
S9_55348750	9	82	106.602666065719	2.11319753881883
S9_55467958	9	83	107.099300780329	2.11319753885184
S9_55630398	9	84	107.776045151859	2.14804882451092
S9_55966045	9	85	109.166933086111	1.24005102417934
S9_56083347	9	86	109.533962454528	1.88030663968709
S9_56349127	9	87	110.36556861246	1.8754669696379
S9_56445243	9	88	110.666308538248	1.4833237436822
S9_56500345	9	89	110.838718661336	1.8797888787458
S9_56627269	9	90	111.23585456317	2.45523694665515
S9_56662066	9	91	111.344731828117	2.45523694665522
S9_56711110	9	92	111.49818691281	2.45523694665533
S9_56732263	9	93	111.564373100856	2.64391335496677
S9_56800647	9	94	111.778341629353	3.31343295302489
S9_57025622	9	95	112.485559319781	2.80897577150598
S9_57345180	9	96	113.499253604471	1.17478269405866
S9_57401543	9	97	113.678046972085	1.16748010023443
S9_57515603	9	98	114.039865390375	1.16748010020272
S9_58067499	9	99	117.161786958139	1.32848576547343
S9_58259249	9	100	118.046558433229	0.192279773194377
S9_58319571	9	101	118.283523940837	1.1481356257849
S9_58372526	9	102	118.491549345422	1.01349322888801
S9_58419568	9	103	118.676346457733	1.0486786420457
S9_58472884	9	104	118.885789994148	1.04867864204574
S10_689097	10	1	3.57568921097946	0.228214423194332
S10_1272423	10	2	6.60746129967655	0.00971656641255983
S10_1676831	10	3	8.70932695772336	0.0532753832432954
S10_1783212	10	4	9.26223038833966	0.104158270684498
S10_2438289	10	5	13.1309462397488	0.0775828487207418
S10_2623357	10	6	14.5589734620319	0.252738356548398
S10_2623537	10	7	14.5603623834014	0.252738356548399
S10_3016459	10	8	17.5922388408868	0.57608528635859
S10_3182379	10	9	18.8725156943743	0.521112015084219
S10_3845291	10	10	23.9473253090059	0.935165010195142
S10_5265083	10	11	29.2505168053386	0.87410133698753
S10_6373099	10	12	36.8146629691363	0.674589177142214
S10_6818026	10	13	39.5142895415615	0.825448612874886
S10_6852940	10	14	39.615486999762	0.825448612874817
S10_7164165	10	15	40.5175657913192	0.925967156403475
S10_7346318	10	16	41.0455322404108	0.629605092019525
S10_9385156	10	17	50.4016228148366	0.503165429449995
S10_10474030	10	18	55.2210614814075	0.459418160537175
S10_10623449	10	19	55.8824012747357	0.644898206855616
S10_11152492	10	20	58.2239855998997	0.566894428814865
S10_14351999	10	21	64.6841084726675	0.298863365669366
S10_15084722	10	22	65.0978441565465	0.802808979986211
S10_15215202	10	23	65.1715203370848	0.802808979986218
S10_16514025	10	24	65.9049071997093	1.22829671368584
S10_20955298	10	25	67.5508086103394	0.473051894334602
S10_33536067	10	26	67.8761054397734	0.473051894334604
S10_33818461	10	27	67.8834072090732	0.473051894334604
S10_34071117	10	28	67.8899400526329	0.473051894334605
S10_35160050	10	29	67.9180962370733	0.473051894334606
S10_41813717	10	30	69.033123911847	0.440080674594251
S10_47434409	10	31	72.0644511955966	1.49020510372882
S10_47674101	10	32	72.3428416914218	1.39629770087187
S10_47793146	10	33	72.481106617141	1.3040986133063
S10_48875686	10	34	74.0689387762959	0.642908546233376
S10_49700169	10	35	76.4087732344437	0.527569139777198
S10_49841944	10	36	76.8524123146005	0.278445003568416
S10_50838732	10	37	79.9720266264343	0.133824625358883
S10_50838803	10	38	79.9722488327772	0.133824625374117
S10_51362150	10	39	81.6101505643944	0.0731964450343373
S10_51781268	10	40	82.9218502549476	0.642101907853955
S10_51993261	10	41	83.6508145200255	0.392508326942709
S10_52559350	10	42	85.8563554138826	0.205512645478463
S10_52711895	10	43	86.6886760335842	0.189172539333384
S10_52832404	10	44	87.3462008659918	0.370291636625878
S10_53145391	10	45	89.2821134859708	0.3671783055468
S10_53145516	10	46	89.2829602900756	0.310002451683046
S10_53451477	10	47	91.3556725358792	0.556326509075288
S10_53595637	10	48	92.332274773926	0.556326509031765
S10_53687459	10	49	92.9543167460537	0.347530340350712
S10_54111502	10	50	96.5279184892464	0.74383625385644
S10_54711625	10	51	99.1144079901502	0.899632603988005
S10_54737026	10	52	99.22388458047	0.899632603987985
S10_54737105	10	53	99.2242250651216	0.899632603988
S10_54740053	10	54	99.2369307455382	0.899632603987992
S10_55120603	10	55	100.877075481815	0.81151527902145
S10_55192664	10	56	101.187653513193	0.193761063087066
S10_55196444	10	57	101.203945057283	0.193761063087067
S10_55666345	10	58	103.987301388824	0.186763288174821
S10_55791400	10	59	104.795146355004	0.320384590922651
S10_56153226	10	60	107.132512415799	0.135497225572948
S10_56560460	10	61	109.763210404341	0.178271735439828
S10_56676322	10	62	110.512035406727	0.263750703960654
S10_56982718	10	63	112.817369710251	0.420416876960857
S10_57673404	10	64	117.97621380106	0.885038241938204
S10_58301081	10	65	120.98871761954	0.0965051421887022
S10_58559331	10	66	122.228175351976	1.1856600263757
S10_58653694	10	67	122.681065768262	1.30026451517704
S10_59210363	10	68	125.3527703044	0.899465331621111
S10_59661187	10	69	127.628161194163	0.852264491079109
S10_59887016	10	70	128.832220236843	1.39145318801802
S10_60470905	10	71	131.945358187998	0.91388409298074
S10_60871475	10	72	133.918298785489	0.695808790440739
