mk.names	chr	pos.ind	pos.cM	log10pval
S1_197561	1	1	0.61920744386106	0.789958765771492
S1_311448	1	2	1.0042074338102	0.73742460538046
S1_911521	1	3	2.62574361810221	0.367996844098944
S1_912111	1	4	2.62725634282876	0.336093326294765
S1_1204210	1	5	3.43419947898193	0.546657122110867
S1_1339491	1	6	3.8423239975517	0.162304497776635
S1_2630632	1	7	7.73752213351083	0.590590297385214
S1_2736876	1	8	8.05804594210869	0.367204402696195
S1_3235434	1	9	9.56212813938034	0.588519668091901
S1_3378888	1	10	9.99490949586726	0.600847584299308
S1_3844672	1	11	11.4001169585376	0.81420115193058
S1_3866914	1	12	11.4672180706082	0.576940723650067
S1_4139891	1	13	12.2907528368032	0.0335373302502189
S1_4468468	1	14	13.2820252988495	0.413232402723595
S1_5024583	1	15	14.5756679587592	0.49758451490981
S1_5692225	1	16	15.7416001429131	0.575091906796011
S1_5764208	1	17	15.8673071781385	0.62797654543962
S1_5940929	1	18	16.175922725866	0.627976545437262
S1_6237681	1	19	16.6941536153428	0.723132941473812
S1_7047273	1	20	18.1079792417017	0.818540975124843
S1_7816816	1	21	19.0826442858614	0.177779779569807
S1_7991216	1	22	19.2473633907639	0.10676054854669
S1_8081393	1	23	19.3325346907799	0.261035728869769
S1_8130399	1	24	19.3788203814614	0.261035728874013
S1_8884451	1	25	20.1279623442609	0.366861188357438
S1_8920152	1	26	20.1703772948238	0.102513264750622
S1_9421875	1	27	20.76645461034	0.146417458039874
S1_9874810	1	28	21.3045688265577	0.156097863644042
S1_9888207	1	29	21.3204852740715	0.156097863644042
S1_10583575	1	30	23.5117596255677	0.825557102700346
S1_10989689	1	31	25.0940718011769	1.05716543981678
S1_11292709	1	32	26.2747063901176	0.784253003609493
S1_11293311	1	33	26.27705191854	0.784253003602649
S1_11347945	1	34	26.5733929677987	0.21020140704792
S1_11473196	1	35	27.3479237110255	0.769702926032763
S1_11558228	1	36	27.8737470430393	0.22169236088171
S1_11579924	1	37	28.0079113930648	0.221692360881532
S1_11790738	1	38	29.3115490814075	0.706268841846134
S1_12042752	1	39	30.8699605170332	0.728385830522831
S1_12113017	1	40	31.2897190690229	0.734250781487623
S1_12131418	1	41	31.3927997936135	0.734250781491703
S1_12341112	1	42	32.5674864662025	0.750720768288624
S1_12930286	1	43	35.8679855059269	0.0564437443871062
S1_12930471	1	44	35.8690218590626	0.056443744398661
S1_13639747	1	45	39.8423213544571	0.294817003423823
S1_14052034	1	46	42.1519155449524	0.191500027304687
S1_14481050	1	47	44.5552240684554	0.205659331642909
S1_14702126	1	48	45.7936716674773	0.161137577291551
S1_15139664	1	49	47.7218327907471	0.180664596067894
S1_15139988	1	50	47.7230535299643	0.0766483021225273
S1_15381264	1	51	48.6321124045189	0.15434229992599
S1_15623325	1	52	49.5441289342756	0.413508887782876
S1_15766678	1	53	50.0842419867302	0.531417531727152
S1_15823985	1	54	50.3001583519058	0.531417531727162
S1_16567846	1	55	53.102813582783	0.168404218930894
S1_16729345	1	56	53.7112955668249	0.0400369733020478
S1_18161657	1	57	58.5756319143634	0.156360153598791
S1_18877068	1	58	60.8994620226071	0.0796455349669442
S1_18943056	1	59	61.1138072048629	0.0796455349665438
S1_19040162	1	60	61.4292312708768	0.237259689717295
S1_19230260	1	61	62.0467161235236	0.0973405476575129
S1_19387180	1	62	62.3869730804961	0.0713655934081789
S1_20086727	1	63	63.9023042963382	0.146424481661326
S1_20713029	1	64	65.2589750720607	0.028223299304646
S1_21073074	1	65	66.0388903995624	0.0241928282376919
S1_21279799	1	66	66.4866899692768	0.0207502480345768
S1_21522639	1	67	67.0127204324981	0.25231938422772
S1_21991476	1	68	67.9536175183779	0.0636453847018538
S1_22253800	1	69	68.2868215384959	0.0236176539172448
S1_22777691	1	70	68.9522680371144	0.0169857732562814
S1_24494867	1	71	70.5561590453079	0.196669225205547
S1_25262442	1	72	70.8956659800845	0.575538877294857
S1_26248599	1	73	71.3318541574984	0.486855607546187
S1_27133424	1	74	71.7232220675577	0.281071352415894
S1_27159630	1	75	71.7348132719778	0.286169136768915
S1_27835935	1	76	72.0339504735856	0.291445491876798
S1_28451123	1	77	72.3060549483162	0.237699264739704
S1_30309869	1	78	73.1281989172942	0.647891057929729
S1_31728563	1	79	73.7557030065701	0.159661798070569
S1_31728629	1	80	73.7557321991021	0.159661798070569
S1_43672080	1	81	79.0384530272488	0.430265255237716
S1_43672137	1	82	79.0384782389809	0.430265255237715
S1_44376990	1	83	79.9597772351613	0.171398416368832
S1_44431814	1	84	80.0328884525869	0.171398416381096
S1_45566487	1	85	81.5460455445544	0.340435932686274
S1_46295905	1	86	82.5187698622289	0.149026436988528
S1_46413680	1	87	82.6758301575796	0.149026436991015
S1_46638684	1	88	82.975887000671	0.313703583051733
S1_49713660	1	89	91.1041531587298	0.42228246400264
S1_50219118	1	90	91.2512468052931	0.262649777111912
S1_50869716	1	91	92.6567333264178	0.111830034538719
S1_51025052	1	92	93.2941388588331	0.582103920664382
S1_51999476	1	93	97.2925889831975	0.217879369256616
S1_52000004	1	94	97.2947555776837	0.217879369256509
S1_52728946	1	95	100.285895195093	0.300377591170339
S1_53309428	1	96	102.667844249192	0.210827198036196
S1_53327333	1	97	102.741315601988	0.210827197742408
S1_53615828	1	98	103.925125594998	0.300586390637335
S1_53949904	1	99	105.782667639553	1.43418172727276
S1_54147699	1	100	106.88728900579	1.0377176602338
S1_54571285	1	101	109.252880380893	0.156411367523057
S1_54684913	1	102	109.887456161892	0.798833943762714
S1_55032273	1	103	112.227004204443	1.02778836571601
S1_55407488	1	104	114.793044602242	0.850757050145897
S1_55674678	1	105	116.620317855945	0.497524457287823
S1_55676208	1	106	116.630781301725	0.49752445728768
S1_55678918	1	107	116.649314594579	0.49752445407063
S1_55725551	1	108	116.968230847582	0.207571855890806
S1_55948580	1	109	118.493493494013	0.453293851548903
S1_56213391	1	110	120.304497115355	0.413114414609918
S1_56497680	1	111	122.248707924224	0.802912115831987
S1_56640454	1	112	123.225118386906	0.459430390238347
S1_57289177	1	113	126.355126874329	0.710636946177418
S1_57492559	1	114	127.228871035436	0.00106398626927973
S1_57994961	1	115	129.501959988451	0.957983987035028
S1_58065014	1	116	129.823973891942	0.0401314520385795
S1_58279491	1	117	130.809864231814	1.14747122933558
S1_58380022	1	118	131.271976914095	1.07718119298938
S1_59198234	1	119	134.543481919645	0.269684756081448
S1_59623493	1	120	135.52698519669	1.0240773753069
S1_59698829	1	121	135.701215966361	1.02407737556195
S1_60044682	1	122	136.501075719773	1.07452446921511
S1_60120296	1	123	136.675949424481	1.0889426881647
S1_60554465	1	124	137.54558077777	0.975376557970534
S1_60593322	1	125	137.612743247304	0.975376557945557
S1_60612132	1	126	137.645255434347	1.13549601214133
S1_61128797	1	127	138.53828622215	0.925097531271128
S1_61614909	1	128	139.378507608001	0.946974458010701
S1_61966526	1	129	139.986260806912	0.94681153378999
S1_62138016	1	130	140.282673085275	0.748465257741145
S1_62338775	1	131	140.629675432886	0.748465257733878
S1_62698470	1	132	141.251391069166	0.61535476074027
S1_63058439	1	133	141.873580301367	0.276911215025708
S1_63074469	1	134	141.901287391122	0.276911215024215
S1_63140948	1	135	142.016193169029	0.27691121502886
S1_63654891	1	136	142.904519109776	0.604194228120761
S1_63896283	1	137	143.621428192936	0.795178208233169
S1_64676086	1	138	145.882754229217	0.456541961630554
S1_64916722	1	139	146.566344704344	0.436898971636945
S1_65438282	1	140	148.047974419795	0.668162723737661
S1_65526086	1	141	148.297405004072	0.506718231883461
S1_65739410	1	142	148.903408488654	1.15210545570977
S1_65924556	1	143	149.429364879668	0.784130884731948
S1_66251451	1	144	150.357996956193	0.693126387259255
S1_66494284	1	145	151.047828593381	0.546557861444264
S1_66781775	1	146	151.864523141515	0.382270467175095
S1_67021380	1	147	152.545184787291	0.567304468014812
S1_67113335	1	148	152.806407389646	0.567304468014803
S1_67890398	1	149	155.013861242659	0.131421880713718
S1_68251689	1	150	156.375990233474	0.0940322275792556
S1_68538580	1	151	158.126688501161	0.0994446734989321
S1_68821354	1	152	159.852263552127	0.39225188358409
S1_69233098	1	153	162.38977160511	0.622462105406412
S1_69472313	1	154	163.894051686073	0.135653930557513
S1_69689373	1	155	165.03240050395	0.149266173504863
S1_70468432	1	156	168.115234848459	0.211476639752638
S1_70719034	1	157	169.106898448267	0.129806087784512
S1_71043759	1	158	170.391876071939	0.184702005303649
S1_71305133	1	159	171.426165829149	0.290454454796695
S1_71347469	1	160	171.593694700273	0.290454454779988
S1_71374812	1	161	171.701894386666	0.290454454792522
S1_71694365	1	162	172.934544419716	0.452632766949141
S1_71733183	1	163	173.065770368331	0.15451215227693
S1_71795176	1	164	173.275340419144	0.0966464741285957
S1_72170558	1	165	174.544335705937	0.0506938152850513
S1_72899280	1	166	177.007812333434	0.1772169298568
S1_72915736	1	167	177.063442561947	0.177216929838035
S1_73141607	1	168	177.827009367024	0.174335835669105
S2_186925	2	1	0.513559202303898	0.261796649945636
S2_537831	2	2	1.98363739592839	0.0398705124043622
S2_744883	2	3	3.12226998199483	0.288913050523698
S2_1252142	2	4	5.94971195545335	0.678547498582512
S2_1269049	2	5	6.01722439263273	0.467924477902177
S2_2098683	2	6	10.0120342295431	0.058112447571942
S2_2788194	2	7	14.1735489658267	0.601944814940621
S2_3066256	2	8	15.7825592951508	0.778983508214773
S2_3115391	2	9	16.066879779544	0.513372160564374
S2_3652169	2	10	19.1729544914927	1.25026145373743
S2_3652181	2	11	19.1730239296898	1.25026145657894
S2_3893528	2	12	20.5695823085814	0.785321321934959
S2_3921748	2	13	20.7328778020093	0.459438578800993
S2_4281833	2	14	22.816515567812	0.884746234327865
S2_4576321	2	15	24.5205752158832	0.887018436860838
S2_4980016	2	16	26.8565629628478	0.96503491878615
S2_5078669	2	17	27.4274201674238	1.01355022488771
S2_5101279	2	18	27.5582533037244	1.01355022495971
S2_5132605	2	19	27.7395217171588	1.01355022495917
S2_5562618	2	20	30.2277990033166	1.03263615477272
S2_6246141	2	21	34.1830160676065	0.550104641004459
S2_6534053	2	22	35.8490235836868	0.800080959191283
S2_6826363	2	23	37.540480198991	0.253985673910757
S2_7040074	2	24	38.7771224100453	0.718791352867827
S2_7081005	2	25	39.0139703137127	1.05700255793696
S2_7720485	2	26	42.7143318352299	1.08206130696407
S2_7741515	2	27	42.8360222755838	1.08206130696358
S2_8186375	2	28	45.4102119710586	0.734840648610838
S2_8215819	2	29	45.5805901605868	0.762009131297429
S2_9509905	2	30	52.0669294378059	0.282596256737747
S2_9534556	2	31	52.2259543113015	0.346870942819179
S2_11831068	2	32	61.2477417793089	0.180052997727122
S2_12496198	2	33	62.5586289573457	0.190950527515917
S2_12521955	2	34	62.6093927494535	0.190950527515887
S2_12944557	2	35	63.4422878875659	0.0757380078159569
S2_13137663	2	36	63.8228754109102	0.109167159106957
S2_13241747	2	37	64.0280118218957	0.109167159106958
S2_14167820	2	38	65.8531846777676	0.0693183860075096
S2_14409763	2	39	66.330023756618	0.00554132472437527
S2_19594950	2	40	73.120566188183	0.0366100772035708
S2_21223513	2	41	73.3151429138701	0.0366100772030997
S2_21503088	2	42	73.3485458513579	0.0366100772030285
S2_22042605	2	43	73.4130060234928	0.0366100772041323
S2_24243005	2	44	73.675904435898	0.0878009697044934
S2_30096273	2	45	74.3752385863173	0.0877992571721533
S2_31156246	2	46	74.5018815689079	0.0236256520272563
S2_43532767	2	47	75.9805980395497	0.0798640733618025
S2_45960074	2	48	76.2706067455669	0.0170411049558927
S2_47273814	2	49	76.4275691889014	0.00255102388978469
S2_49880297	2	50	76.7389854053444	0.0412946775484934
S2_50026531	2	51	76.7564570861478	0.0412946775484987
S2_53220968	2	52	77.6005472593585	0.039768041630894
S2_55016677	2	53	79.0767676817137	0.0571853996877217
S2_55056519	2	54	79.1838472238749	0.102269504789529
S2_55481584	2	55	80.3262538698452	0.35160342715742
S2_56119706	2	56	82.0412734874094	0.0556030154497977
S2_56213768	2	57	82.294074950558	0.293415574353361
S2_56874604	2	58	84.8568837315211	0.204924903224779
S2_56899215	2	59	85.0141886255025	0.204924903224779
S2_56932458	2	60	85.2266662408218	0.389592474587884
S2_57422942	2	61	88.3616682163443	0.0564993626785947
S2_58055650	2	62	92.405716197377	0.307098065545192
S2_58830624	2	63	97.3590786332129	1.03134268090087
S2_58843549	2	64	97.4416907072737	0.792884609971309
S2_59064560	2	65	98.8543156279892	1.04498642783421
S2_59370294	2	66	100.593167223152	0.934471944779699
S2_60087966	2	67	105.147815058241	0.0711974688516995
S2_61183019	2	68	112.718434611201	0.969763901709408
S2_61746676	2	69	116.469624282198	1.05614375594995
S2_61887546	2	70	117.365420203265	0.824069605380319
S2_61971021	2	71	117.896239856215	0.853569112876937
S2_62093572	2	72	118.675544789292	1.11887278644657
S2_62171765	2	73	119.172776069593	0.21038632288628
S2_62312219	2	74	119.927218955593	0.57847242703702
S2_62355008	2	75	120.057769354294	0.0628105810981015
S2_62533054	2	76	120.600992525833	1.20643084006836
S2_62707201	2	77	121.132319742699	1.04264533891966
S2_62935786	2	78	121.829738772985	1.0426453390384
S2_63186677	2	79	122.595214013826	0.604825722484006
S2_63358643	2	80	123.119886940581	0.707608075406112
S2_63472859	2	81	123.468363052151	0.910838243537492
S2_63481812	2	82	123.495678897802	0.910838243537554
S2_63835255	2	83	124.481750871471	0.542782795181949
S2_63863442	2	84	124.522330796023	0.505069618388734
S2_65018895	2	85	126.185799613679	0.773448222992434
S2_65427599	2	86	127.300240034682	0.311634539403394
S2_65445561	2	87	127.349760619877	0.361480624389156
S2_65733013	2	88	128.142255400834	0.0971798861282444
S2_66012578	2	89	128.913006007676	0.314393710746527
S2_66609639	2	90	130.559081618257	0.969458812249337
S2_66609678	2	91	130.559189139848	0.969458812249338
S2_67203757	2	92	132.197043484141	0.889722242950214
S2_67728117	2	93	133.642685063752	0.505258135963594
S2_67729286	2	94	133.645907954527	0.505258135963592
S2_67815027	2	95	133.882292794479	0.50525813596355
S2_67821192	2	96	133.899289476794	0.460774215952573
S2_67959866	2	97	134.281608685755	0.460774215953069
S2_67981876	2	98	134.344619721772	0.229955550076528
S2_68089545	2	99	134.657544460938	0.345372289852345
S2_68803538	2	100	136.732664256714	0.311158153313482
S2_68850624	2	101	136.869513064341	0.784277350090886
S2_69440484	2	102	138.583857830657	0.311158153589371
S2_69440519	2	103	138.583959553213	0.31115823401134
S2_69463182	2	104	138.649826361335	0.434282823002056
S2_69553976	2	105	139.14396827694	0.729600394945316
S2_69637355	2	106	139.646542010079	0.729600394945603
S2_69817644	2	107	140.733248684108	0.297361908781949
S2_69843647	2	108	140.889983890608	0.832138395696535
S2_69896051	2	109	141.205853281119	0.752557795505285
S2_70048653	2	110	142.125674301093	1.2875887664174
S2_70082670	2	111	142.330714547201	1.00404060260564
S2_70096079	2	112	142.411538389987	0.113809456324489
S2_70241714	2	113	143.289365248376	0.926557487989015
S2_70371277	2	114	144.070316813958	1.15801544705248
S2_70594585	2	115	145.416324024404	0.781161652739489
S2_70711718	2	116	146.122352749667	0.743225647591715
S2_71416862	2	117	148.307136906605	0.512075526723576
S2_71427165	2	118	148.3333420156	0.512075526723579
S2_71441029	2	119	148.368604330569	0.512075526723576
S2_71616572	2	120	148.815088213752	0.859932495196825
S2_71623388	2	121	148.832424331671	0.859932495203965
S2_71719205	2	122	149.076129556231	0.49230439737345
S2_71751927	2	123	149.159356148152	0.492304397374659
S2_72252235	2	124	150.43186179422	0.0446173778675111
S2_72685887	2	125	151.534831601676	0.124519098514368
S2_72765941	2	126	151.738444510105	0.168941913896953
S2_72766035	2	127	151.738683593891	0.168941913896705
S2_73085069	2	128	152.635142605387	0.536849993191494
S2_74220901	2	129	157.152311144893	0.763036104501073
S2_74422236	2	130	158.02743726744	0.0903618557924124
S2_74481484	2	131	158.332181124135	0.248347019211356
S2_74484623	2	132	158.348326664342	0.248347019214367
S2_74650541	2	133	159.201730850391	0.194637710583518
S2_74926068	2	134	160.618912200031	0.201646675078285
S2_74928415	2	135	160.630984064595	0.201646675078032
S2_75260748	2	136	162.34034877103	0.404474940634719
S2_75690084	2	137	164.548651303737	0.238695512381243
S2_75793610	2	138	165.081140375235	0.182657680821468
S2_75931403	2	139	165.789882784186	0.226723052457633
S2_75994516	2	140	166.11450638376	0.226713670466064
S2_76227512	2	141	167.312928265248	0.291555551984844
S2_76694749	2	142	169.716175722891	0.131655906901437
S3_566959	3	1	2.09707882274687	0.117840388498439
S3_714429	3	2	2.70200878507871	0.152503961453581
S3_763697	3	3	2.90410880124583	0.152503961494487
S3_1108965	3	4	4.32041691974039	0.229738951649486
S3_1461654	3	5	6.01505099459637	0.0465082601367426
S3_1841291	3	6	7.87515583148371	0.251675825033193
S3_2047847	3	7	8.88721686528205	0.578030937405037
S3_2083386	3	8	9.06134706280795	0.133183895685865
S3_2189352	3	9	9.58054795509612	0.116894578026024
S3_2482303	3	10	11.0159179850747	0.195274760419967
S3_2573225	3	11	11.4614078924849	0.0304443700987094
S3_3769996	3	12	17.3252186531496	0.180323866413739
S3_3811810	3	13	17.5300944256629	0.188618601850481
S3_3920108	3	14	18.0607214025519	0.185064934734762
S3_4749627	3	15	21.1299746017973	0.364892705692841
S3_5589308	3	16	24.1759483652972	0.139331388723987
S3_5613142	3	17	24.2624070784029	0.186562563854669
S3_5715383	3	18	24.6332900727233	0.13933138829507
S3_6796625	3	19	28.7339589128153	0.478243378406012
S3_7046470	3	20	30.6312831600226	0.0985324346666897
S3_7136248	3	21	31.3130577653409	0.11662308928373
S3_7175794	3	22	31.6133702978313	0.116623089287961
S3_7535284	3	23	33.8780983691108	0.154601105909428
S3_7692971	3	24	34.5454835296352	0.154601105907878
S3_8001322	3	25	35.850530119607	0.00272684610429973
S3_8745473	3	26	39.0131260987409	0.37028930800754
S3_9549441	3	27	42.4474468737013	0.129022295232373
S3_9777744	3	28	43.9333077311915	0.267403807991927
S3_10020927	3	29	45.6984017188553	0.194449947319848
S3_10570546	3	30	48.5487935641658	0.272990469699413
S3_10617995	3	31	48.696615750111	0.272990469699406
S3_11140439	3	32	50.3242330679463	0.158679708598834
S3_11483090	3	33	51.5566415406893	0.583924941554788
S3_11707499	3	34	52.4206219187016	0.888670789602509
S3_11730169	3	35	52.5079019973505	0.888670789605543
S3_15371920	3	36	62.3739949543927	0.0159826904650147
S3_15774801	3	37	62.6455206896892	0.0143054809721728
S3_16628947	3	38	63.2211810477121	0.563006767606287
S3_18812042	3	39	64.6925000602671	0.137407675378875
S3_20478129	3	40	65.8153762885901	0.593026566774235
S3_20800625	3	41	66.0327257380061	0.59302656677728
S3_25861668	3	42	69.4436669885053	0.137424008782062
S3_30314586	3	43	70.4724821029515	0.468253352566135
S3_31544931	3	44	70.5048521983138	0.468253352566138
S3_31574790	3	45	70.50563778177	0.468253352566138
S3_31814791	3	46	70.5119521531513	0.468253352566182
S3_38233374	3	47	70.6808236028672	0.468253352566138
S3_39538268	3	48	70.7151550653575	0.468253352566178
S3_41235129	3	49	70.7597990899088	0.468386733311178
S3_42069341	3	50	70.7817470167036	0.637355327465856
S3_50692482	3	51	76.4389583471281	0.266004608476664
S3_52291152	3	52	80.026156867227	0.940181310614776
S3_52817677	3	53	81.4286749910612	1.06657396781997
S3_53328118	3	54	82.9280413688031	0.893804525441521
S3_53571170	3	55	83.6419808776649	0.45053817264372
S3_53741831	3	56	84.1432794908088	0.373832474434566
S3_54811219	3	57	87.4108211811809	0.851635914212581
S3_55159188	3	58	89.1049830522389	0.450110851362721
S3_55361715	3	59	90.0910292841152	0.157118601620723
S3_55429382	3	60	90.4204806183688	0.575501169918703
S3_56442030	3	61	96.7767165707682	0.444399823801096
S3_56664715	3	62	98.2418406555044	0.418542022578798
S3_57259333	3	63	102.154044679205	0.771738919565718
S3_58357386	3	64	108.626297721816	1.6217340756751
S3_58449925	3	65	109.110898595816	1.46855757682649
S3_59021811	3	66	112.035814683934	0.656879627130058
S3_59130165	3	67	112.538576560707	0.656879627130051
S3_60136632	3	68	117.208577094418	0.343961107513774
S3_60275948	3	69	117.85500245596	0.517317495149344
S3_60699385	3	70	119.819747465973	0.288813102741292
S3_60709044	3	71	119.864565165068	0.28881310273506
S3_60822644	3	72	120.391668448762	0.450193158662264
S3_60842141	3	73	120.482134405823	0.450193158659001
S3_61324791	3	74	121.906982579413	0.311828656682672
S3_61392488	3	75	122.064037406685	0.160904644031085
S3_61415852	3	76	122.118241123015	0.108154121549621
S3_61842469	3	77	123.107978618713	0.154525804799021
S3_61973292	3	78	123.411483702664	0.0787698612268975
S3_62373842	3	79	124.340746610382	0.061987274694522
S3_62378769	3	80	124.352177089339	0.061987274694522
S3_62398185	3	81	124.397221574712	0.052450391204014
S3_62441101	3	82	124.49678529197	0.051339609017673
S3_62997877	3	83	125.788487413323	0.0270801800159021
S3_63753977	3	84	127.542614699618	0.0154798843055232
S3_64376167	3	85	128.986075162864	0.089426025075066
S3_65243288	3	86	131.097331080414	0.054149915003039
S3_65386194	3	87	131.46532591051	0.0383842337666077
S3_65482667	3	88	131.713751905527	0.0398389793986471
S3_65621113	3	89	132.070261864854	0.0403818870215231
S3_65769558	3	90	132.452520080419	0.0385170998394266
S3_65891350	3	91	132.766144605261	0.118000622329843
S3_66117269	3	92	133.346858226029	0.233661958376176
S3_66231603	3	93	133.639296715783	0.0236888089915957
S3_67547166	3	94	137.004186047882	0.0265596352581921
S3_67825820	3	95	137.716915025473	0.0265596352567798
S3_67934855	3	96	137.995799965476	0.0265596352581856
S3_68853230	3	97	140.374199521245	0.0126721078609173
S3_69570024	3	98	143.236480663327	0.096333956023845
S3_69669431	3	99	143.633429830718	0.173564476995268
S3_69905028	3	100	144.574208980978	0.0286622184800355
S3_70268304	3	101	146.024832234201	0.413678004110781
S3_70321880	3	102	146.238770373287	0.413678004108103
S3_70480125	3	103	146.870669746509	0.298367791370145
S3_70734364	3	104	148.014165843479	0.237526909209093
S3_70748395	3	105	148.084756698168	0.475053351310233
S3_70863922	3	106	148.665980393532	0.305694486481024
S3_70964759	3	107	149.173297763233	0.155419920340467
S3_70976233	3	108	149.231024188056	0.364591365486931
S3_71009679	3	109	149.399293144362	0.171184703425035
S3_71041333	3	110	149.558546434528	0.259102452966929
S3_71257520	3	111	150.646197001319	0.449979015776648
S3_71257548	3	112	150.646337871103	0.449979015776646
S3_71440975	3	113	151.569170791281	0.013181459491559
S3_71689527	3	114	152.819651734525	0.272758970099944
S3_71691801	3	115	152.831092373365	0.275847228180166
S3_71816828	3	116	153.46011117382	0.0587259584824279
S3_72463010	3	117	156.770786234826	0.0731418767823447
S3_72485673	3	118	156.887308614453	0.242612858574121
S3_72847112	3	119	158.745656245847	0.0927252467153434
S3_72927543	3	120	159.159194237985	0.418153993337271
S3_73897275	3	121	163.055603008844	0.529525987170318
S3_73957465	3	122	163.277558746408	0.449239944237913
S3_74124699	3	123	163.894248326334	0.238251396077252
S4_277852	4	1	0.877574144186738	0.928913309405881
S4_572956	4	2	2.01585355541713	0.249238561492166
S4_1145655	4	3	4.224876410181	0.206084183764525
S4_1262607	4	4	4.67598535381516	0.255348568892144
S4_1369158	4	5	5.08697541001911	0.0159298241088867
S4_1664019	4	6	6.22431751813966	0.142345747129109
S4_2026262	4	7	7.62156644991399	1.45677380068154
S4_3377167	4	8	12.6969765136082	0.302435930623464
S4_3924021	4	9	14.741870431201	0.657177043260356
S4_4027064	4	10	15.127187177445	0.665115214075457
S4_4715637	4	11	17.7020220319376	1.17539297463359
S4_5061440	4	12	18.9951102262003	1.14356886221885
S4_5551256	4	13	20.6489206510111	0.16363844833367
S4_5644823	4	14	20.9646968414664	1.85869614617324
S4_5895454	4	15	21.8105431589715	2.01858727927731
S4_6065662	4	16	22.3849725392553	1.09946114074375
S4_6483509	4	17	23.7951506346648	0.863818515314968
S4_7148847	4	18	27.874325377088	0.862905505731414
S4_7811678	4	19	31.4368498427775	0.761252488959173
S4_9585774	4	20	40.5841055688155	1.58267728090562
S4_9717856	4	21	41.2532254377488	1.44218469972745
S4_9835691	4	22	41.8501708183136	1.28874427618742
S4_12497924	4	23	55.3368911589344	0.852631392633464
S4_12525431	4	24	55.4762400500381	1.48819179571064
S4_16372038	4	25	59.5021799502259	0.852631392679101
S4_20159577	4	26	59.7465054617189	0.69066909128116
S4_22296056	4	27	59.8843248543296	1.25193130776073
S4_27794247	4	28	60.2390006288528	0.642752756686487
S4_33771575	4	29	60.6245844395969	0.700951557507252
S4_37317005	4	30	60.8532920511127	0.700974433371758
S4_37450371	4	31	60.8618951879163	0.750459967668383
S4_38437866	4	32	60.9255962404921	0.750459967668384
S4_41459250	4	33	61.120498838516	0.750459967667286
S4_41670443	4	34	61.1341224177712	0.750459967668329
S4_42141405	4	35	61.1645031033678	0.750459967668383
S4_42928903	4	36	61.2153028051398	0.690681024807394
S4_44347105	4	37	61.3067877849778	0.674299035160817
S4_44403104	4	38	61.3104001528816	0.674299035161002
S4_47717404	4	39	61.8106741102669	0.612162588818998
S4_48782125	4	40	63.2369421866635	0.57891134371637
S4_50267019	4	41	67.7085082508473	0.807736225468568
S4_50462556	4	42	68.9709271865349	1.38353367396417
S4_50524490	4	43	69.3707832463234	1.383533673964
S4_50710309	4	44	70.5704611804767	0.844700809569306
S4_51327084	4	45	74.5524617177597	1.80957402185009
S4_51703812	4	46	76.9846794607123	0.208409526903594
S4_51889053	4	47	78.1806257320865	0.114087146501331
S4_52142689	4	48	79.4926790610026	0.133314560230502
S4_52670643	4	49	81.5406881647182	0.565839104364695
S4_52700725	4	50	81.6573805467401	0.83170023848386
S4_53260988	4	51	83.8307208841086	0.541964969092712
S4_53366589	4	52	84.2403622721111	0.505726666796165
S4_53412277	4	53	84.417592560982	0.190715551329911
S4_53476033	4	54	84.6649112069559	0.190715527134245
S4_53875516	4	55	86.2145629205136	0.5355149855619
S4_54931448	4	56	90.3106742273787	0.601159741151392
S4_54940748	4	57	90.3467502579884	0.601159741151383
S4_55587604	4	58	92.8559972317647	0.957864472486947
S4_56428520	4	59	95.4549720686908	0.944332145687731
S4_56428522	4	60	95.4549781209254	0.94433214568773
S4_56514193	4	61	95.7756205561881	1.17608364770754
S4_57069020	4	62	97.9420333724905	1.13886981760963
S4_57303601	4	63	98.8348571054774	1.0558502916137
S4_57499607	4	64	99.2795534388314	0.661080979548895
S4_57516802	4	65	99.3185652724081	1.02242386619307
S4_57662319	4	66	99.6487126982046	1.02312156257445
S4_58140549	4	67	102.867914051102	0.0505088152970873
S4_58695211	4	68	105.252847507433	0.697302775778535
S4_59005450	4	69	105.989065506537	0.385941520493065
S4_59032214	4	70	106.052578277426	0.879275752416996
S4_59102932	4	71	106.220396844597	0.879275752417133
S4_59187835	4	72	106.421877370185	0.385941520492566
S4_59333526	4	73	106.767611905519	1.17666465610336
S4_59705352	4	74	107.649979995072	1.18262929293575
S4_59745788	4	75	107.745937340898	1.02857744670444
S4_60356888	4	76	109.196118714782	0.760262060946936
S4_60372659	4	77	109.233544357799	0.512831473364557
S4_60376916	4	78	109.243646504925	0.512831473344474
S4_60480661	4	79	109.489840362941	0.512831473344475
S4_60786328	4	80	110.451140751827	0.756245859181205
S4_60864055	4	81	110.741105902502	0.934583246508953
S4_61049303	4	82	111.432184475355	0.947256041949502
S4_61586054	4	83	113.390376099288	0.545919938594598
S4_62353568	4	84	116.421090312883	0.671497814466164
S4_62527347	4	85	117.359352952177	0.168496068686008
S4_62912417	4	86	119.438411955353	0.380221670750471
S4_62952704	4	87	119.655928381096	0.380221670750766
S4_62991639	4	88	119.866145126853	0.380221670750472
S4_63123457	4	89	120.577853127166	0.231174861195527
S4_63326917	4	90	121.676368578347	0.151458172354715
S4_63532761	4	91	122.787755654592	0.152194121499102
S4_64628206	4	92	128.702251174196	0.287407029298659
S4_64794521	4	93	129.600214396761	0.384677847711516
S4_64817997	4	94	129.726965348947	1.06259132138615
S4_65019397	4	95	130.814358506658	0.584079349432932
S4_65106424	4	96	131.284232212398	0.519762215869462
S4_65415881	4	97	132.955043654333	0.75654636764677
S4_65441255	4	98	133.092042234192	0.756546367655528
S4_65569947	4	99	133.786872424123	0.196056318578693
S4_65770253	4	100	134.868358888117	0.645922720371381
S4_65772650	4	101	134.881300702412	0.645922720371361
S4_65925206	4	102	135.704976723106	0.625732610100231
S4_66228387	4	103	137.341902964158	0.375251255928179
S4_66583785	4	104	139.260757747991	0.491056546569791
S4_66699763	4	105	139.886942870359	0.075874086973399
S4_67174893	4	106	141.924053847154	0.0938200789633235
S4_67519829	4	107	143.254545968549	0.414970280913638
S4_67522846	4	108	143.266183184526	0.41497028091356
S5_446174	5	1	1.52224292108545	0.889851497388613
S5_625655	5	2	2.19197293858614	1.14628972912899
S5_1021182	5	3	3.66787459186418	1.74510656313019
S5_1041011	5	4	3.74186613702507	1.21456885746982
S5_1126607	5	5	4.06126602101273	1.27736531159016
S5_1549419	5	6	5.63898114495066	2.01063335949391
S5_1912234	5	7	7.87023020686482	1.76579138399512
S5_2224945	5	8	9.88497426098624	1.43475050312085
S5_2306717	5	9	10.4118174190255	2.76170339549523
S5_2446723	5	10	11.3138523843492	3.13252094326707
S5_2459748	5	11	11.3977702551785	2.04965578544059
S5_2632572	5	12	12.5112460408384	2.04965578540488
S5_2767363	5	13	13.3796816436764	3.79732726679818
S5_2802165	5	14	13.6111765606606	3.1164000698525
S5_3326200	5	15	18.1367618699469	2.39385315073497
S5_5055394	5	16	29.9901874373989	1.12517592910015
S5_5128742	5	17	30.403907790866	0.825843026781934
S5_5186687	5	18	30.730747321346	0.825843137376252
S5_5263601	5	19	31.16458174446	0.0041990379208013
S5_5289088	5	20	31.3083415013561	0.0953691992553161
S5_5310337	5	21	31.4281967638148	1.09742115583285
S5_5755229	5	22	33.9376159094585	0.0276850204693544
S5_6100683	5	23	35.8861537153511	0.017128448954326
S5_6289764	5	24	36.9526675692245	0.0210689298291816
S5_6289808	5	25	36.9529157518	0.0210689298291842
S5_6848623	5	26	40.1049190691733	0.0264309304868231
S5_7690050	5	27	44.0866995741725	0.056687528785323
S5_8518638	5	28	46.3232734582987	0.195141342509659
S5_8719027	5	29	46.8641753348238	0.34018731318446
S5_8905620	5	30	47.3678382297254	0.440683997192493
S5_9467603	5	31	49.116441910075	0.389195893065288
S5_9541562	5	32	49.3623484080343	0.389195893055573
S5_9764716	5	33	50.1043138029911	0.922102937400173
S5_11172463	5	34	54.7849359690926	0.157837772355775
S5_11441547	5	35	55.6796141569653	0.51347165242706
S5_11663887	5	36	56.4188730809133	0.107204374536689
S5_12470931	5	37	57.839038402317	0.779606876770837
S5_15263263	5	38	59.8702461806769	0.215502181441394
S5_15272376	5	39	59.8768751905813	0.215502181433979
S5_15278752	5	40	59.8815132425016	0.215502181433806
S5_15758860	5	41	60.2307550604705	0.227824693611986
S5_16004923	5	42	60.409747056969	0.173074238855279
S5_17617652	5	43	61.582883950858	0.160774751753208
S5_17638459	5	44	61.5980194505924	0.160774751753529
S5_18158078	5	45	61.9760024965137	0.190954030597503
S5_18530792	5	46	62.2471234004405	0.190954030593464
S5_19207697	5	47	62.7395199711959	0.190954030593404
S5_20200953	5	48	63.4620376779381	0.223304956400474
S5_20737187	5	49	63.646060710654	0.223304956400784
S5_28290427	5	50	64.8975670225007	0.223304956407223
S5_32706459	5	51	65.6292651972333	0.225915026462225
S5_35204004	5	52	66.0430867270166	0.127524365476402
S5_41448609	5	53	67.0777635772808	0.301659830291032
S5_47000808	5	54	69.5321871128607	0.293179540120964
S5_51297404	5	55	78.1674524564962	0.215889202307823
S5_51508187	5	56	78.5609965433368	0.313902643644317
S5_52277025	5	57	79.9964616834968	0.2309879701371
S5_54448528	5	58	90.3405501326674	0.0988826648647952
S5_55146090	5	59	94.501682151613	0.416018503667789
S5_58133066	5	60	109.276875348475	0.122140575454036
S5_58669461	5	61	112.898139429677	0.117903397771537
S5_59052070	5	62	114.648739614756	0.396778504255222
S5_59560623	5	63	116.574563604677	0.000537847072228558
S5_59692251	5	64	117.073021700775	0.00727872264435808
S5_60426039	5	65	119.830618449309	1.99739132171346
S5_60787040	5	66	121.091513169502	2.36921971707448
S5_61044403	5	67	121.832121004153	1.8057084637089
S5_61065606	5	68	121.89313641009	2.30353960262055
S5_61966001	5	69	124.049507664859	2.5491502774107
S5_62036077	5	70	124.178050852063	2.56403529482368
S5_62129985	5	71	124.35031002245	2.35237294087123
S5_62131181	5	72	124.352503892704	2.35237294087122
S6_114296	6	1	0.286339927792229	0.370810083604815
S6_367565	6	2	1.2039327001688	0.651042544590807
S6_928930	6	3	3.23775628957443	0.308672642751432
S6_1553686	6	4	5.501245268087	0.754360918031921
S6_1970542	6	5	7.22190671018664	0.564599199935174
S6_2159698	6	6	8.91007062118255	0.0426625847481606
S6_3228290	6	7	18.4469526126549	0.209714324631134
S6_5858254	6	8	26.0102859231377	0.503828487123045
S6_7005781	6	9	26.2325760444643	0.667049862267104
S6_11167728	6	10	27.0387964676743	0.12929433552633
S6_15104204	6	11	27.8013403796165	0.206334691079287
S6_23227336	6	12	29.3748911525674	0.143848976972552
S6_27489006	6	13	30.2004291498031	0.219747188418345
S6_29882120	6	14	30.6640048228883	0.689016474055435
S6_31015835	6	15	30.8836193896042	0.636198381964403
S6_31707792	6	16	31.0176599877625	0.678909022232077
S6_41869707	6	17	41.8575486862054	0.339356858633092
S6_42410515	6	18	43.8804644660825	0.293588007652733
S6_42622684	6	19	44.6740918127578	0.63677687004341
S6_43362906	6	20	47.4429243086013	0.188274162777206
S6_44975837	6	21	53.476162670003	0.835067791583317
S6_45753821	6	22	56.3862455646568	1.25432965111489
S6_46111881	6	23	57.7255845244036	0.162111062183764
S6_46120854	6	24	57.7591484200798	0.377875587910608
S6_46437152	6	25	58.9422748075289	1.13530388524573
S6_46508073	6	26	59.2075578840083	1.20699023545998
S6_48516651	6	27	66.7979748444636	1.4334362309171
S6_48666852	6	28	67.2923713663274	1.7156629207206
S6_48847900	6	29	67.8883028281046	1.47490809548597
S6_49091899	6	30	68.6914416683137	2.76474610812594
S6_49301854	6	31	69.3825224317435	1.86571411787024
S6_49557823	6	32	70.2250613183352	2.79920085638206
S6_50014795	6	33	71.2785312054938	3.61921635913725
S6_50039518	6	34	71.3044640219171	0.91693886298415
S6_50335266	6	35	71.6146844074515	4.48789504507573
S6_50674437	6	36	72.6859335499475	2.97453446942914
S6_51021754	6	37	74.3360987225058	2.13394685567445
S6_51284481	6	38	75.5843616790865	0.828143869696212
S6_51853944	6	39	78.2899822207258	2.16627119853482
S6_52115246	6	40	79.5314747474948	1.35350656853153
S6_52239635	6	41	80.1224691291386	1.26625103092443
S6_52247265	6	42	80.1587206234985	1.26625103093838
S6_52490455	6	43	81.1434740734315	0.893617317664814
S6_52747881	6	44	81.647668173361	1.22383442309724
S6_52992347	6	45	82.8912612644377	0.998558316198934
S6_53766843	6	46	86.8311051472948	0.226492727367576
S6_53812892	6	47	87.065355383528	0.536395342133759
S6_53910360	6	48	87.5611729262581	0.26188989909304
S6_54088634	6	49	88.4680487892354	0.41057148373977
S6_54252779	6	50	89.3030507442508	0.183952296236718
S6_55176217	6	51	92.7226258689766	0.0796988124529999
S6_55711593	6	52	95.2656658113888	0.0967570818892948
S6_55935898	6	53	96.4991781478396	0.328374876039659
S6_56547690	6	54	99.8635836641764	0.47795437990191
S6_56578707	6	55	100.034154325284	0.477954379901957
S6_56671344	6	56	100.543589613449	0.207281875856546
S6_56713901	6	57	100.777621777254	0.280804134347154
S6_57324559	6	58	102.658670977388	0.387885416037999
S6_57329859	6	59	102.674643393444	0.387885416041043
S6_57356226	6	60	102.754104656493	0.340581458458567
S6_57680513	6	61	103.731396521709	0.155125171878979
S6_57760405	6	62	103.972164118609	0.151513681043743
S6_58208840	6	63	105.323596268458	0.169979818295319
S6_58434905	6	64	106.00579802172	0.105539623339066
S6_58749572	6	65	106.977534056604	0.106396834167908
S6_59269696	6	66	108.585265726078	0.0509685064568172
S6_59448315	6	67	109.189062937084	0.1566319873295
S6_59605809	6	68	109.721449961703	0.100324107189064
S6_60096762	6	69	111.381049736281	0.0519521074733907
S6_60199185	6	70	111.727276743166	0.124066536573375
S6_60204998	6	71	111.746926798242	0.124066536571632
S6_60216422	6	72	111.785544074895	0.124066536573484
S6_60446749	6	73	112.564133139998	0.0945429998887022
S6_61131968	6	74	114.880422678786	0.0190287247599328
S6_61262660	6	75	115.322209191424	0.0972185039103755
S6_61498318	6	76	115.872666004181	0.0093492111018011
S6_61751398	6	77	116.346040629322	0.0673107959897334
S6_61775789	6	78	116.391662885059	0.0673107959862622
S7_436434	7	1	2.17102936638112	0.164312538262387
S7_581540	7	2	3.10674641622117	0.677649638724999
S7_1795354	7	3	10.9734963800995	1.00773572686003
S7_1841761	7	4	11.2691355721779	0.902184921677172
S7_1888070	7	5	11.5641504480792	0.792705725747449
S7_2283412	7	6	14.0606057942037	0.682905220639367
S7_2555866	7	7	15.7695156427374	0.849109735784389
S7_2810744	7	8	17.3681837642354	0.925017191795321
S7_2919596	7	9	18.0509249168848	1.23844952266235
S7_3473963	7	10	21.4767911431588	0.973066808938326
S7_3719221	7	11	22.9924316825912	1.17005865628646
S7_4027277	7	12	25.5993566784727	0.73805422130037
S7_4227535	7	13	27.5354084038375	0.833203045813664
S7_4708507	7	14	32.1853433400306	0.47949799189272
S7_5064509	7	15	35.6270949121691	0.241548351168015
S7_5080761	7	16	35.7842157894405	0.241548351153361
S7_5773128	7	17	39.7396184880673	0.452190207267243
S7_6662757	7	18	44.3435004442428	0.583774304472337
S7_7879045	7	19	50.9674491115603	0.952240652535648
S7_8889420	7	20	53.3849899148617	0.266140615348669
S7_9788839	7	21	54.5121499268169	0.186077449845266
S7_9883610	7	22	54.5305998341144	0.186077449845269
S7_10305618	7	23	54.6127558573579	0.186077449845267
S7_16217338	7	24	55.7636425839819	0.131713159667572
S7_17344377	7	25	55.9830532166721	0.0828334666292584
S7_17701183	7	26	56.0525157909111	0.082833466604549
S7_17769117	7	27	56.0657411024763	0.0828334665995779
S7_23504604	7	28	57.1823189950397	0.0843359170698059
S7_27475127	7	29	57.9552957629609	0.0828334665996183
S7_29683419	7	30	58.3852034634795	0.0828334665995776
S7_37561466	7	31	59.9188924277775	0.0397622631182212
S7_43630599	7	32	61.1004241329016	0.0738881776993568
S7_52252758	7	33	64.4673019473747	0.0330701178805686
S7_52552035	7	34	65.2898104165163	0.092881558559096
S7_53473323	7	35	67.8218031273446	0.319582115830296
S7_53848444	7	36	69.7206965126339	0.129276553495895
S7_54217510	7	37	71.6131804535708	0.339909880208426
S7_54660263	7	38	73.8835140586757	0.819192299480954
S7_54923788	7	39	75.234808489849	0.819192299454783
S7_54923961	7	40	75.2356955932987	0.819192299454312
S7_55268134	7	41	77.0005340650195	0.394805285995694
S7_55700992	7	42	79.2201284294586	0.576225074776971
S7_55919581	7	43	80.3410015853859	0.421165420805169
S7_55960361	7	44	80.5501118667757	0.868961467184538
S7_56026641	7	45	80.8899801711042	0.409919975652035
S7_56452647	7	46	83.0355168006908	1.27003055089308
S7_57462335	7	47	88.0483451909573	0.633043671581266
S7_57504955	7	48	88.4390714027729	0.633043954375101
S7_57586956	7	49	89.193987876365	0.678998711279907
S7_57592722	7	50	89.2470707459243	0.678998711295245
S7_57771331	7	51	90.8913784547547	0.570288348151074
S7_57893515	7	52	92.0162271079343	0.547747608924806
S7_58118907	7	53	94.0912278251922	0.543508034468802
S7_58484190	7	54	96.9437326082817	0.594391872904205
S7_58976564	7	55	99.7023049823607	0.893084313324134
S7_59663043	7	56	103.421776435448	1.18207487195335
S7_61043339	7	57	110.263509319888	0.219955154205547
S7_61508244	7	58	112.567910569071	0.184665075753158
S7_61633140	7	59	113.184912336907	0.408477344438706
S7_61719755	7	60	113.590011923156	0.0659505929761786
S7_62037723	7	61	115.077152779135	0.462203233371557
S7_62299631	7	62	116.30210021821	0.457658510859684
S7_62747095	7	63	117.745034506919	0.120213755544652
S7_62750171	7	64	117.749523822555	0.120213755544665
S7_62799815	7	65	117.821977523934	0.2750982099864
S7_62823539	7	66	117.856601881591	0.275098209986436
S7_63079178	7	67	118.229698162448	0.224795106771309
S7_63124990	7	68	118.454452989458	0.247700712758991
S7_63133666	7	69	118.510300790596	0.247700712758993
S7_63217701	7	70	119.051237854755	0.238688975407231
S8_377492	8	1	1.99780328101828	0.427861199371553
S8_1157132	8	2	7.61173236935281	0.0597474000997316
S8_1235490	8	3	8.3996032545722	0.473468726569459
S8_2047825	8	4	15.8541321353539	0.225918492166007
S8_2182111	8	5	17.0758496497836	1.03241460921597
S8_2534785	8	6	20.2844343323565	0.829432689441406
S8_2789852	8	7	22.6050025319682	0.707436092292821
S8_2813288	8	8	22.8182203779698	0.270535737268096
S8_3416417	8	9	28.5981735624479	0.44975359939645
S8_4016742	8	10	34.0642008851069	0.0635602183734764
S8_4375057	8	11	36.8920407994506	0.246483019814472
S8_5339502	8	12	41.3677668152543	0.674700699538094
S8_5366356	8	13	41.533166135616	0.674700699538025
S8_6402178	8	14	46.1181909728518	0.390950951431168
S8_6553843	8	15	46.1884782644101	0.489006738413545
S8_9158345	8	16	47.3955029005366	0.239684866216269
S8_11290924	8	17	48.3838205871754	0.636873440389803
S8_11486039	8	18	48.4742442504622	0.636873440456556
S8_12317173	8	19	48.8594231498919	0.636873440456684
S8_16772826	8	20	50.9243411038928	0.681986423625356
S8_16861846	8	21	50.9655963354526	0.367177834746087
S8_23709400	8	22	54.1390115891967	0.166251851142445
S8_24177730	8	23	54.3560534067254	0.16625185133032
S8_28198768	8	24	56.2195543480958	0.166251851426703
S8_28614404	8	25	56.4121757750178	0.16625185144106
S8_34086325	8	26	58.9480707192099	0.337785373349616
S8_37244853	8	27	60.4118519372299	0.646848512591047
S8_40266069	8	28	61.81199758621	0.290633405750073
S8_40557670	8	29	61.9471365075543	0.290633400336003
S8_41887557	8	30	62.5634563922249	0.700152731294257
S8_42679387	8	31	63.3144936979123	0.70015273129423
S8_42923619	8	32	63.7023561911019	0.700152731294252
S8_44280667	8	33	65.8574710845554	0.798891833814552
S8_45639185	8	34	69.3799590240078	0.893455840196142
S8_45685542	8	35	69.6099231721904	0.893455840196333
S8_46183553	8	36	72.0804168495331	0.360379556185749
S8_47197871	8	37	77.1121655575234	0.33659196853865
S8_47417106	8	38	78.1997292485909	0.256873122355588
S8_48034904	8	39	81.2644528247267	0.740388691173664
S8_48230512	8	40	82.2348095582881	1.009378632305
S8_48281845	8	41	82.4894582546804	0.0758776116730902
S8_48404087	8	42	83.095866723782	1.20147137022397
S8_49839868	8	43	91.2890609497302	0.260338028420629
S8_49875527	8	44	91.5261539719757	0.265809530489094
S8_50488733	8	45	94.9128860741962	0.638575249728401
S8_50538094	8	46	95.1687154963653	0.457442278448099
S8_51052865	8	47	98.3770226196189	0.329315230630906
S8_51650367	8	48	102.543290410897	1.28557058174539
S8_52304987	8	49	107.10783115139	1.62246199679476
S8_52641617	8	50	109.461466317129	1.75722301005158
S8_52653238	8	51	109.542771822786	0.632580514139186
S8_52943711	8	52	111.575045649886	2.18530828781081
S8_53237964	8	53	113.633765979988	0.617587149272374
S8_53501790	8	54	115.479605953784	0.220812385862793
S8_53511394	8	55	115.546799661411	3.59534265753626
S8_53614567	8	56	116.268642268343	2.07941732837463
S8_53971834	8	57	117.602454903238	0.630608153871459
S8_53981219	8	58	117.63783085315	0.630608153861508
S8_54339789	8	59	118.98942961286	1.84808871346019
S8_54779568	8	60	120.689742128971	1.56235255113135
S8_54823476	8	61	120.949288915282	1.19116765004318
S8_55221410	8	62	123.301536589139	1.94981726291823
S8_55285952	8	63	123.68305405024	0.00395892385925964
S9_94954	9	1	0.318222663175156	0.0352178252586083
S9_545479	9	2	2.44533560309179	0.0140171434772085
S9_1105142	9	3	5.66141996121154	0.0592021008210775
S9_1110317	9	4	5.69115792236543	0.0592021008210778
S9_1198394	9	5	6.19728940150576	0.0608774182040872
S9_1529156	9	6	8.15709983518492	0.0228021014240013
S9_1738436	9	7	9.82254261006235	0.243460533893274
S9_2055588	9	8	12.3464269130914	0.0014408096038763
S9_2156515	9	9	13.1496003789747	0.0371829351865885
S9_2744211	9	10	18.5594289907527	0.113193243833212
S9_2907436	9	11	20.2419562062881	0.0690793296788119
S9_3060082	9	12	21.8154348360483	0.366483359576819
S9_3529957	9	13	26.6589176076805	0.034408988127881
S9_3555869	9	14	26.9260191252725	0.0425677046221003
S9_3590415	9	15	27.2821201219818	0.165447035136206
S9_3848263	9	16	29.9400234913882	0.195681898235973
S9_4422563	9	17	34.9338087855618	0.119968032416613
S9_4434057	9	18	35.0133167583793	0.119968032415417
S9_4490489	9	19	35.4036764175093	0.290890568804424
S9_4529506	9	20	35.6735704992409	0.169304848765071
S9_4914889	9	21	38.1764315293965	0.267034623880745
S9_5373850	9	22	40.6067403132226	0.243688359108285
S9_5626419	9	23	41.9441538608272	0.736124704419567
S9_6088921	9	24	44.3932130905594	0.443807429070578
S9_6273336	9	25	45.2589104973337	0.0351807500560544
S9_6403089	9	26	45.7119072766796	0.264793912971732
S9_6430649	9	27	45.8081254083511	0.264793912971733
S9_6810859	9	28	47.132401927612	1.42518588375261
S9_7131683	9	29	48.2140829661639	0.0303753302187228
S9_7221290	9	30	48.5161993689938	0.621985471920282
S9_7319809	9	31	48.8483632165772	0.642392007325453
S9_8214056	9	32	50.5226263629831	0.540879935444263
S9_8214057	9	33	50.522627785197	0.540879935444263
S9_8280581	9	34	50.6172391397357	0.0303753302188159
S9_8400690	9	35	50.7880598237338	0.817441903964622
S9_9079584	9	36	51.7535922771071	0.327401059532948
S9_9366104	9	37	52.0628781242785	0.246918717476181
S9_11676861	9	38	53.8595280205667	0.174847472707092
S9_13029934	9	39	54.911563550534	0.405956878297429
S9_13799936	9	40	55.5102522111944	0.405956878296287
S9_17563246	9	41	56.7279997551512	0.20656915357276
S9_18250177	9	42	56.9231519602471	0.20656915357276
S9_31600682	9	43	60.7159353546403	0.178453968551653
S9_39695629	9	44	63.0156521488809	0.207473965835018
S9_40662937	9	45	63.2904574629618	0.207473965835019
S9_41396056	9	46	63.4987313499281	0.207473965835015
S9_41581644	9	47	63.5514555790564	0.207489142120788
S9_41763480	9	48	63.6031138917048	0.230711105648978
S9_44206125	9	49	64.2970519408196	0.885998022439924
S9_44624237	9	50	64.4158345824198	0.88599802243972
S9_46990222	9	51	65.0879940714715	1.49385549665184
S9_47656904	9	52	66.4596156639688	0.83919706986355
S9_48006384	9	53	67.4417385543116	0.682784780039838
S9_48267442	9	54	68.1753743489411	1.16586993927966
S9_49222874	9	55	71.316982135977	0.818506841856891
S9_49993703	9	56	76.3553201371512	0.910948054074383
S9_50000978	9	57	76.4118682027015	0.163070368101031
S9_50034932	9	58	76.6757902669899	0.7295441276191
S9_50121777	9	59	77.3508303704572	0.729544127717216
S9_50634279	9	60	81.3344725272557	0.142246607270687
S9_50899876	9	61	83.5464425771985	0.336064985527405
S9_50979662	9	62	84.2624513484389	0.718351279494412
S9_50981809	9	63	84.281718774201	1.390408758255
S9_51202941	9	64	86.2661828606565	0.046634774934537
S9_51302528	9	65	87.1598880909165	0.803674143132874
S9_51310463	9	66	87.2310976966091	0.803674143139289
S9_51407629	9	67	87.77874315527	0.803674142987855
S9_51490241	9	68	88.2400739593537	0.277356868792077
S9_52810494	9	69	95.6379520554781	0.737714290284129
S9_53011958	9	70	96.7744654565072	0.390364553918943
S9_53541871	9	71	99.6908084803005	0.765163836226923
S9_53541881	9	72	99.6908461135735	0.765163836226918
S9_53542027	9	73	99.6913955593585	0.765163836226973
S9_53869283	9	74	100.922966996452	1.3505672280512
S9_54089483	9	75	101.751651666703	0.600618503509783
S9_54360840	9	76	102.77285687136	0.310575238002483
S9_54774107	9	77	104.328115852382	0.310468505416746
S9_54871447	9	78	104.69443813123	0.340068542644704
S9_54991840	9	79	105.147516394198	0.0934922516285778
S9_55070766	9	80	105.444551639621	0.272742004179828
S9_55228681	9	81	106.102444322643	0.234795621414204
S9_55348750	9	82	106.602666065719	0.295586050493498
S9_55467958	9	83	107.099300780329	0.295586050500458
S9_55630398	9	84	107.776045151859	0.392564394896907
S9_55966045	9	85	109.166933086111	0.374862198797389
S9_56083347	9	86	109.533962454528	0.189602449590863
S9_56349127	9	87	110.36556861246	0.187369141159687
S9_56445243	9	88	110.666308538248	0.642645475023402
S9_56500345	9	89	110.838718661336	0.266235869813049
S9_56627269	9	90	111.23585456317	0.312674513150391
S9_56662066	9	91	111.344731828117	0.312674513150414
S9_56711110	9	92	111.49818691281	0.312674513150428
S9_56732263	9	93	111.564373100856	0.350827162899395
S9_56800647	9	94	111.778341629353	0.4989221819476
S9_57025622	9	95	112.485559319781	0.280598177957384
S9_57345180	9	96	113.499253604471	0.569913058729666
S9_57401543	9	97	113.678046972085	0.523862222403765
S9_57515603	9	98	114.039865390375	0.523862222371769
S9_58067499	9	99	117.161786958139	1.14893508857442
S9_58259249	9	100	118.046558433229	0.434581096928848
S9_58319571	9	101	118.283523940837	0.735483112761819
S9_58372526	9	102	118.491549345422	0.199744954919226
S9_58419568	9	103	118.676346457733	0.846737389487325
S9_58472884	9	104	118.885789994148	0.846737389487306
S10_689097	10	1	3.57568921097946	0.088622411668314
S10_1272423	10	2	6.60746129967655	0.926637900859008
S10_1676831	10	3	8.70932695772336	1.12985821729883
S10_1783212	10	4	9.26223038833966	1.10441866206954
S10_2438289	10	5	13.1309462397488	0.570749537836853
S10_2623357	10	6	14.5589734620319	0.352860014121141
S10_2623537	10	7	14.5603623834014	0.352860014121134
S10_3016459	10	8	17.5922388408868	0.531616204831941
S10_3182379	10	9	18.8725156943743	0.528492021517335
S10_3845291	10	10	23.9473253090059	0.232662242893813
S10_5265083	10	11	29.2505168053386	0.514817686153157
S10_6373099	10	12	36.8146629691363	0.888982517120769
S10_6818026	10	13	39.5142895415615	0.970415152488348
S10_6852940	10	14	39.615486999762	0.970415152488237
S10_7164165	10	15	40.5175657913192	1.30497349177709
S10_7346318	10	16	41.0455322404108	0.969512801018678
S10_9385156	10	17	50.4016228148366	1.3280249309713
S10_10474030	10	18	55.2210614814075	0.697466110487341
S10_10623449	10	19	55.8824012747357	0.83941551284103
S10_11152492	10	20	58.2239855998997	0.750702352018809
S10_14351999	10	21	64.6841084726675	1.1298518178414
S10_15084722	10	22	65.0978441565465	0.553911752774329
S10_15215202	10	23	65.1715203370848	0.553911752774318
S10_16514025	10	24	65.9049071997093	1.01482321988411
S10_20955298	10	25	67.5508086103394	1.13523265595433
S10_33536067	10	26	67.8761054397734	1.13523265595437
S10_33818461	10	27	67.8834072090732	1.13523265595437
S10_34071117	10	28	67.8899400526329	1.13523265595437
S10_35160050	10	29	67.9180962370733	1.13523265595437
S10_41813717	10	30	69.033123911847	0.188172894804651
S10_47434409	10	31	72.0644511955966	0.398149716124773
S10_47674101	10	32	72.3428416914218	0.41496509744499
S10_47793146	10	33	72.481106617141	0.646375150012684
S10_48875686	10	34	74.0689387762959	0.381611454016577
S10_49700169	10	35	76.4087732344437	0.699799509412244
S10_49841944	10	36	76.8524123146005	0.284600886057242
S10_50838732	10	37	79.9720266264343	0.830375396899102
S10_50838803	10	38	79.9722488327772	0.830375396709003
S10_51362150	10	39	81.6101505643944	0.442105571263618
S10_51781268	10	40	82.9218502549476	0.288747639691298
S10_51993261	10	41	83.6508145200255	0.0876917553682133
S10_52559350	10	42	85.8563554138826	0.203966796748107
S10_52711895	10	43	86.6886760335842	0.166408456093477
S10_52832404	10	44	87.3462008659918	0.147306199439319
S10_53145391	10	45	89.2821134859708	0.100911419251921
S10_53145516	10	46	89.2829602900756	0.224146329960025
S10_53451477	10	47	91.3556725358792	0.154943823377443
S10_53595637	10	48	92.332274773926	0.154943823379717
S10_53687459	10	49	92.9543167460537	0.428051165566538
S10_54111502	10	50	96.5279184892464	0.200482000914865
S10_54711625	10	51	99.1144079901502	0.0717688695075367
S10_54737026	10	52	99.22388458047	0.0717688695074505
S10_54737105	10	53	99.2242250651216	0.0717688695075083
S10_54740053	10	54	99.2369307455382	0.0717688695074597
S10_55120603	10	55	100.877075481815	0.057036829636227
S10_55192664	10	56	101.187653513193	0.468356788487714
S10_55196444	10	57	101.203945057283	0.468356788487717
S10_55666345	10	58	103.987301388824	0.319916944674088
S10_55791400	10	59	104.795146355004	0.477954773257084
S10_56153226	10	60	107.132512415799	0.0447656957400027
S10_56560460	10	61	109.763210404341	0.0731902789862302
S10_56676322	10	62	110.512035406727	0.368893116396758
S10_56982718	10	63	112.817369710251	0.128306042429453
S10_57673404	10	64	117.97621380106	0.0790595663673527
S10_58301081	10	65	120.98871761954	0.119851130426391
S10_58559331	10	66	122.228175351976	0.099495517655102
S10_58653694	10	67	122.681065768262	0.131001102646849
S10_59210363	10	68	125.3527703044	0.0580924197821415
S10_59661187	10	69	127.628161194163	0.173802380260347
S10_59887016	10	70	128.832220236843	0.243238978993662
S10_60470905	10	71	131.945358187998	0.457113889923273
S10_60871475	10	72	133.918298785489	0.4048475359743
