mk.names	chr	pos.ind	pos.cM	log10pval
S1_197561	1	1	0.61920744386106	0.556981264215674
S1_311448	1	2	1.0042074338102	0.611981212764922
S1_911521	1	3	2.62574361810221	0.360387973630444
S1_912111	1	4	2.62725634282876	0.319682716347568
S1_1204210	1	5	3.43419947898193	0.468149179434249
S1_1339491	1	6	3.8423239975517	0.233077010950146
S1_2630632	1	7	7.73752213351083	0.466596644608918
S1_2736876	1	8	8.05804594210869	0.417462412528961
S1_3235434	1	9	9.56212813938034	0.491406878681386
S1_3378888	1	10	9.99490949586726	0.493995924955458
S1_3844672	1	11	11.4001169585376	0.760139632890203
S1_3866914	1	12	11.4672180706082	0.49238913190339
S1_4139891	1	13	12.2907528368032	0.0927648435833866
S1_4468468	1	14	13.2820252988495	0.351689657211676
S1_5024583	1	15	14.5756679587592	0.444666472110606
S1_5692225	1	16	15.7416001429131	0.471443826576173
S1_5764208	1	17	15.8673071781385	0.530300844452082
S1_5940929	1	18	16.175922725866	0.530300844450443
S1_6237681	1	19	16.6941536153428	0.584459135468875
S1_7047273	1	20	18.1079792417017	0.691764969607429
S1_7816816	1	21	19.0826442858614	0.169931707580201
S1_7991216	1	22	19.2473633907639	0.223418006611661
S1_8081393	1	23	19.3325346907799	0.427619458298215
S1_8130399	1	24	19.3788203814614	0.427619458302441
S1_8884451	1	25	20.1279623442609	0.297758647403067
S1_8920152	1	26	20.1703772948238	0.0300276918426406
S1_9421875	1	27	20.76645461034	0.170391167327379
S1_9874810	1	28	21.3045688265577	0.178816833340319
S1_9888207	1	29	21.3204852740715	0.178816833340319
S1_10583575	1	30	23.5117596255677	0.670031833905586
S1_10989689	1	31	25.0940718011769	1.27452494481846
S1_11292709	1	32	26.2747063901176	1.19404466666461
S1_11293311	1	33	26.27705191854	1.1940446666572
S1_11347945	1	34	26.5733929677987	0.226223324881907
S1_11473196	1	35	27.3479237110255	1.19108570778324
S1_11558228	1	36	27.8737470430393	0.200742777055506
S1_11579924	1	37	28.0079113930648	0.200742777055289
S1_11790738	1	38	29.3115490814075	1.09963801060499
S1_12042752	1	39	30.8699605170332	1.12447290004095
S1_12113017	1	40	31.2897190690229	1.13594318570686
S1_12131418	1	41	31.3927997936135	1.1359431857109
S1_12341112	1	42	32.5674864662025	1.14932969354006
S1_12930286	1	43	35.8679855059269	0.131306279355297
S1_12930471	1	44	35.8690218590626	0.131306279264386
S1_13639747	1	45	39.8423213544571	0.261883413873532
S1_14052034	1	46	42.1519155449524	0.183939847025727
S1_14481050	1	47	44.5552240684554	0.263551310672944
S1_14702126	1	48	45.7936716674773	0.229745699528257
S1_15139664	1	49	47.7218327907471	0.207972878509414
S1_15139988	1	50	47.7230535299643	0.10786254550202
S1_15381264	1	51	48.6321124045189	0.106705308180842
S1_15623325	1	52	49.5441289342756	0.0157738619693254
S1_15766678	1	53	50.0842419867302	0.0288841638651916
S1_15823985	1	54	50.3001583519058	0.0288841638651955
S1_16567846	1	55	53.102813582783	0.124057827028558
S1_16729345	1	56	53.7112955668249	0.312608418583106
S1_18161657	1	57	58.5756319143634	0.0695323408457922
S1_18877068	1	58	60.8994620226071	0.110512348058597
S1_18943056	1	59	61.1138072048629	0.110512348059056
S1_19040162	1	60	61.4292312708768	0.0585004170967027
S1_19230260	1	61	62.0467161235236	0.0442540258043276
S1_19387180	1	62	62.3869730804961	0.109660801864346
S1_20086727	1	63	63.9023042963382	0.0988947319641277
S1_20713029	1	64	65.2589750720607	0.0451316432624435
S1_21073074	1	65	66.0388903995624	0.0711306713820672
S1_21279799	1	66	66.4866899692768	0.0805519627193277
S1_21522639	1	67	67.0127204324981	0.125717656940508
S1_21991476	1	68	67.9536175183779	0.0517532094046662
S1_22253800	1	69	68.2868215384959	0.270765650151841
S1_22777691	1	70	68.9522680371144	0.209044495138035
S1_24494867	1	71	70.5561590453079	0.565879690406692
S1_25262442	1	72	70.8956659800845	1.37178271273149
S1_26248599	1	73	71.3318541574984	1.17826656664122
S1_27133424	1	74	71.7232220675577	0.588187414473692
S1_27159630	1	75	71.7348132719778	0.584199069529134
S1_27835935	1	76	72.0339504735856	0.582458879535823
S1_28451123	1	77	72.3060549483162	0.60318111317024
S1_30309869	1	78	73.1281989172942	1.22162948744316
S1_31728563	1	79	73.7557030065701	0.299343661766868
S1_31728629	1	80	73.7557321991021	0.299343661766868
S1_43672080	1	81	79.0384530272488	0.293180963439722
S1_43672137	1	82	79.0384782389809	0.293180963439722
S1_44376990	1	83	79.9597772351613	0.434391679197694
S1_44431814	1	84	80.0328884525869	0.434391679200408
S1_45566487	1	85	81.5460455445544	0.955362007105564
S1_46295905	1	86	82.5187698622289	0.575152660128131
S1_46413680	1	87	82.6758301575796	0.575152660120001
S1_46638684	1	88	82.975887000671	0.61261345986147
S1_49713660	1	89	91.1041531587298	1.26939651424539
S1_50219118	1	90	91.2512468052931	1.02487332731801
S1_50869716	1	91	92.6567333264178	0.667290206102474
S1_51025052	1	92	93.2941388588331	1.61170792280168
S1_51999476	1	93	97.2925889831975	0.676100952593427
S1_52000004	1	94	97.2947555776837	0.676100952593682
S1_52728946	1	95	100.285895195093	0.203185549667377
S1_53309428	1	96	102.667844249192	0.187865522240124
S1_53327333	1	97	102.741315601988	0.187865522056673
S1_53615828	1	98	103.925125594998	0.244129595500291
S1_53949904	1	99	105.782667639553	0.879281775215278
S1_54147699	1	100	106.88728900579	0.482458179148327
S1_54571285	1	101	109.252880380893	0.0522362513458573
S1_54684913	1	102	109.887456161892	0.496606622896531
S1_55032273	1	103	112.227004204443	0.745240517559457
S1_55407488	1	104	114.793044602242	0.610624511058644
S1_55674678	1	105	116.620317855945	0.419241336387018
S1_55676208	1	106	116.630781301725	0.419241336386828
S1_55678918	1	107	116.649314594579	0.419241331154174
S1_55725551	1	108	116.968230847582	0.189326114051487
S1_55948580	1	109	118.493493494013	0.463470353429128
S1_56213391	1	110	120.304497115355	0.562649992500538
S1_56497680	1	111	122.248707924224	0.824677325268299
S1_56640454	1	112	123.225118386906	0.521115198149126
S1_57289177	1	113	126.355126874329	0.671807438657562
S1_57492559	1	114	127.228871035436	0.0320527695286808
S1_57994961	1	115	129.501959988451	0.874699720125146
S1_58065014	1	116	129.823973891942	0.093823928227552
S1_58279491	1	117	130.809864231814	0.986477544143952
S1_58380022	1	118	131.271976914095	0.942839824067056
S1_59198234	1	119	134.543481919645	0.237129139401634
S1_59623493	1	120	135.52698519669	0.940254560519541
S1_59698829	1	121	135.701215966361	0.940254560823225
S1_60044682	1	122	136.501075719773	1.07516976247597
S1_60120296	1	123	136.675949424481	1.09427032641561
S1_60554465	1	124	137.54558077777	0.998082617056598
S1_60593322	1	125	137.612743247304	0.998082617024842
S1_60612132	1	126	137.645255434347	0.994295864333698
S1_61128797	1	127	138.53828622215	0.944011495255517
S1_61614909	1	128	139.378507608001	0.920921259727322
S1_61966526	1	129	139.986260806912	0.920818390228068
S1_62138016	1	130	140.282673085275	0.770102668304424
S1_62338775	1	131	140.629675432886	0.770102668295661
S1_62698470	1	132	141.251391069166	0.671632431483543
S1_63058439	1	133	141.873580301367	0.316547677702262
S1_63074469	1	134	141.901287391122	0.316547677700505
S1_63140948	1	135	142.016193169029	0.316547677705955
S1_63654891	1	136	142.904519109776	0.71544369600975
S1_63896283	1	137	143.621428192936	0.884899246781702
S1_64676086	1	138	145.882754229217	0.471854786553416
S1_64916722	1	139	146.566344704344	0.434236154816316
S1_65438282	1	140	148.047974419795	0.618802160382738
S1_65526086	1	141	148.297405004072	0.487987987081004
S1_65739410	1	142	148.903408488654	1.10039926650908
S1_65924556	1	143	149.429364879668	0.718768093152906
S1_66251451	1	144	150.357996956193	0.592645598150731
S1_66494284	1	145	151.047828593381	0.412831960931627
S1_66781775	1	146	151.864523141515	0.345798317770996
S1_67021380	1	147	152.545184787291	0.650004298544789
S1_67113335	1	148	152.806407389646	0.650004298544782
S1_67890398	1	149	155.013861242659	0.166576867032087
S1_68251689	1	150	156.375990233474	0.115021694229879
S1_68538580	1	151	158.126688501161	0.0804654960534716
S1_68821354	1	152	159.852263552127	0.542578719799117
S1_69233098	1	153	162.38977160511	0.899767035914651
S1_69472313	1	154	163.894051686073	0.288769605320214
S1_69689373	1	155	165.03240050395	0.293474723137443
S1_70468432	1	156	168.115234848459	0.103046951287442
S1_70719034	1	157	169.106898448267	0.102105815044725
S1_71043759	1	158	170.391876071939	0.127982375999607
S1_71305133	1	159	171.426165829149	0.249889685180487
S1_71347469	1	160	171.593694700273	0.249889685175552
S1_71374812	1	161	171.701894386666	0.24988968517926
S1_71694365	1	162	172.934544419716	0.349030926668335
S1_71733183	1	163	173.065770368331	0.0834851863519062
S1_71795176	1	164	173.275340419144	0.0116061421448499
S1_72170558	1	165	174.544335705937	0.021197025803637
S1_72899280	1	166	177.007812333434	0.113429747281274
S1_72915736	1	167	177.063442561947	0.113429747297807
S1_73141607	1	168	177.827009367024	0.128896097322153
S2_186925	2	1	0.513559202303898	0.355089402867356
S2_537831	2	2	1.98363739592839	0.00263856982355467
S2_744883	2	3	3.12226998199483	0.372333692178412
S2_1252142	2	4	5.94971195545335	0.629109952285968
S2_1269049	2	5	6.01722439263273	0.379860217288257
S2_2098683	2	6	10.0120342295431	0.0681700443545521
S2_2788194	2	7	14.1735489658267	1.33886474507832
S2_3066256	2	8	15.7825592951508	1.01801334004292
S2_3115391	2	9	16.066879779544	0.546556486308657
S2_3652169	2	10	19.1729544914927	1.74946249427517
S2_3652181	2	11	19.1730239296898	1.74946249913024
S2_3893528	2	12	20.5695823085814	1.29245627817738
S2_3921748	2	13	20.7328778020093	1.03631430694163
S2_4281833	2	14	22.816515567812	1.45925790400512
S2_4576321	2	15	24.5205752158832	1.40036195281634
S2_4980016	2	16	26.8565629628478	1.15167019782483
S2_5078669	2	17	27.4274201674238	1.31533787230855
S2_5101279	2	18	27.5582533037244	1.31533787240489
S2_5132605	2	19	27.7395217171588	1.31533787240416
S2_5562618	2	20	30.2277990033166	1.31773062421414
S2_6246141	2	21	34.1830160676065	0.646372426128237
S2_6534053	2	22	35.8490235836868	0.993184723475367
S2_6826363	2	23	37.540480198991	0.221482934412639
S2_7040074	2	24	38.7771224100453	0.834863941458013
S2_7081005	2	25	39.0139703137127	1.22681233587394
S2_7720485	2	26	42.7143318352299	1.27570627414341
S2_7741515	2	27	42.8360222755838	1.27570627414291
S2_8186375	2	28	45.4102119710586	0.607508751793366
S2_8215819	2	29	45.5805901605868	0.59998507832096
S2_9509905	2	30	52.0669294378059	0.20981455710958
S2_9534556	2	31	52.2259543113015	0.199508517746389
S2_11831068	2	32	61.2477417793089	0.103588112959554
S2_12496198	2	33	62.5586289573457	0.119800707213159
S2_12521955	2	34	62.6093927494535	0.119800707213123
S2_12944557	2	35	63.4422878875659	0.038513397379424
S2_13137663	2	36	63.8228754109102	0.0582315932355374
S2_13241747	2	37	64.0280118218957	0.0582315932355378
S2_14167820	2	38	65.8531846777676	0.0499928908617332
S2_14409763	2	39	66.330023756618	0.001500618547397
S2_19594950	2	40	73.120566188183	0.0634541570404285
S2_21223513	2	41	73.3151429138701	0.0634541570398117
S2_21503088	2	42	73.3485458513579	0.0634541570397179
S2_22042605	2	43	73.4130060234928	0.0634541570411647
S2_24243005	2	44	73.675904435898	0.0626551741107902
S2_30096273	2	45	74.3752385863173	0.0626508318760636
S2_31156246	2	46	74.5018815689079	0.0287975085864322
S2_43532767	2	47	75.9805980395497	0.0660529542103341
S2_45960074	2	48	76.2706067455669	0.00556278891596966
S2_47273814	2	49	76.4275691889014	0.00199190364007117
S2_49880297	2	50	76.7389854053444	0.0474672337785097
S2_50026531	2	51	76.7564570861478	0.0474672337785155
S2_53220968	2	52	77.6005472593585	0.036328027107895
S2_55016677	2	53	79.0767676817137	0.0687048071121603
S2_55056519	2	54	79.1838472238749	0.0921895458268978
S2_55481584	2	55	80.3262538698452	0.282351956724001
S2_56119706	2	56	82.0412734874094	0.0593384514934724
S2_56213768	2	57	82.294074950558	0.233359501171024
S2_56874604	2	58	84.8568837315211	0.18256969694623
S2_56899215	2	59	85.0141886255025	0.18256969694623
S2_56932458	2	60	85.2266662408218	0.342729513406353
S2_57422942	2	61	88.3616682163443	0.110481950654135
S2_58055650	2	62	92.405716197377	0.258732562167344
S2_58830624	2	63	97.3590786332129	0.993682350534482
S2_58843549	2	64	97.4416907072737	0.763444281609937
S2_59064560	2	65	98.8543156279892	0.975480961290444
S2_59370294	2	66	100.593167223152	0.866105517389994
S2_60087966	2	67	105.147815058241	0.0765457772810484
S2_61183019	2	68	112.718434611201	1.12914610863176
S2_61746676	2	69	116.469624282198	1.22076363684527
S2_61887546	2	70	117.365420203265	0.932059818510143
S2_61971021	2	71	117.896239856215	0.825909376916348
S2_62093572	2	72	118.675544789292	1.32318557573605
S2_62171765	2	73	119.172776069593	0.212543010467016
S2_62312219	2	74	119.927218955593	0.743115961693567
S2_62355008	2	75	120.057769354294	0.18730923029414
S2_62533054	2	76	120.600992525833	1.55328596917677
S2_62707201	2	77	121.132319742699	1.28112094429519
S2_62935786	2	78	121.829738772985	1.28112094450903
S2_63186677	2	79	122.595214013826	0.761151218690352
S2_63358643	2	80	123.119886940581	0.808430911936191
S2_63472859	2	81	123.468363052151	1.02498320249833
S2_63481812	2	82	123.495678897802	1.02498320249842
S2_63835255	2	83	124.481750871471	0.425034402787869
S2_63863442	2	84	124.522330796023	0.370886676698438
S2_65018895	2	85	126.185799613679	0.896933420681698
S2_65427599	2	86	127.300240034682	0.492452852782687
S2_65445561	2	87	127.349760619877	0.595942986987923
S2_65733013	2	88	128.142255400834	0.0269974327219225
S2_66012578	2	89	128.913006007676	0.557438777861988
S2_66609639	2	90	130.559081618257	1.26547176532856
S2_66609678	2	91	130.559189139848	1.26547176532856
S2_67203757	2	92	132.197043484141	1.26217642596085
S2_67728117	2	93	133.642685063752	0.638056570413896
S2_67729286	2	94	133.645907954527	0.638056570413894
S2_67815027	2	95	133.882292794479	0.638056570413982
S2_67821192	2	96	133.899289476794	0.682294126564864
S2_67959866	2	97	134.281608685755	0.682294126565796
S2_67981876	2	98	134.344619721772	0.121679539592385
S2_68089545	2	99	134.657544460938	0.50394428878035
S2_68803538	2	100	136.732664256714	0.437304949969321
S2_68850624	2	101	136.869513064341	1.10279688844052
S2_69440484	2	102	138.583857830657	0.437304950115909
S2_69440519	2	103	138.583959553213	0.437304992853349
S2_69463182	2	104	138.649826361335	0.56920083676255
S2_69553976	2	105	139.14396827694	0.679773260241179
S2_69637355	2	106	139.646542010079	0.679773260241581
S2_69817644	2	107	140.733248684108	0.318654650636457
S2_69843647	2	108	140.889983890608	0.826954080498824
S2_69896051	2	109	141.205853281119	0.704183226528993
S2_70048653	2	110	142.125674301093	1.55332139394718
S2_70082670	2	111	142.330714547201	1.25417391438161
S2_70096079	2	112	142.411538389987	0.250888449916489
S2_70241714	2	113	143.289365248376	1.27967659374696
S2_70371277	2	114	144.070316813958	1.50798178970963
S2_70594585	2	115	145.416324024404	1.04284566380175
S2_70711718	2	116	146.122352749667	0.992076401897307
S2_71416862	2	117	148.307136906605	0.42586418346584
S2_71427165	2	118	148.3333420156	0.425864183465837
S2_71441029	2	119	148.368604330569	0.425864183465841
S2_71616572	2	120	148.815088213752	0.693079577317703
S2_71623388	2	121	148.832424331671	0.693079577324563
S2_71719205	2	122	149.076129556231	0.400111405172817
S2_71751927	2	123	149.159356148152	0.400111405172231
S2_72252235	2	124	150.43186179422	0.0131234719641411
S2_72685887	2	125	151.534831601676	0.241640391434601
S2_72765941	2	126	151.738444510105	0.371477024167149
S2_72766035	2	127	151.738683593891	0.371477024166989
S2_73085069	2	128	152.635142605387	0.847311580517512
S2_74220901	2	129	157.152311144893	0.998798751381057
S2_74422236	2	130	158.02743726744	0.120184688655348
S2_74481484	2	131	158.332181124135	0.261484383394466
S2_74484623	2	132	158.348326664342	0.261484383393959
S2_74650541	2	133	159.201730850391	0.261609359503829
S2_74926068	2	134	160.618912200031	0.264828025796206
S2_74928415	2	135	160.630984064595	0.264828025796599
S2_75260748	2	136	162.34034877103	0.468586986366426
S2_75690084	2	137	164.548651303737	0.211016115499102
S2_75793610	2	138	165.081140375235	0.119637578448211
S2_75931403	2	139	165.789882784186	0.209579461254054
S2_75994516	2	140	166.11450638376	0.209572691212081
S2_76227512	2	141	167.312928265248	0.286325390148079
S2_76694749	2	142	169.716175722891	0.0782797205904229
S3_566959	3	1	2.09707882274687	0.141233569581814
S3_714429	3	2	2.70200878507871	0.221628549990232
S3_763697	3	3	2.90410880124583	0.221628549987435
S3_1108965	3	4	4.32041691974039	0.0988245042879242
S3_1461654	3	5	6.01505099459637	0.0363980197327723
S3_1841291	3	6	7.87515583148371	0.288241245071165
S3_2047847	3	7	8.88721686528205	0.512161121105542
S3_2083386	3	8	9.06134706280795	0.126068951398006
S3_2189352	3	9	9.58054795509612	0.123200265952549
S3_2482303	3	10	11.0159179850747	0.0424167035141103
S3_2573225	3	11	11.4614078924849	0.0981219449148152
S3_3769996	3	12	17.3252186531496	0.000851372846677986
S3_3811810	3	13	17.5300944256629	0.186098988495444
S3_3920108	3	14	18.0607214025519	0.184342131691547
S3_4749627	3	15	21.1299746017973	0.298223476598482
S3_5589308	3	16	24.1759483652972	0.0365829692210765
S3_5613142	3	17	24.2624070784029	0.202415585486115
S3_5715383	3	18	24.6332900727233	0.0365829689314122
S3_6796625	3	19	28.7339589128153	0.523958678270141
S3_7046470	3	20	30.6312831600226	0.111951637176581
S3_7136248	3	21	31.3130577653409	0.128859217528551
S3_7175794	3	22	31.6133702978313	0.128859217533004
S3_7535284	3	23	33.8780983691108	0.159977388927171
S3_7692971	3	24	34.5454835296352	0.159977388925006
S3_8001322	3	25	35.850530119607	0.0110830912734277
S3_8745473	3	26	39.0131260987409	0.342593478066436
S3_9549441	3	27	42.4474468737013	0.107706767554437
S3_9777744	3	28	43.9333077311915	0.260407104541113
S3_10020927	3	29	45.6984017188553	0.187314367419528
S3_10570546	3	30	48.5487935641658	0.161151615762634
S3_10617995	3	31	48.696615750111	0.16115161576254
S3_11140439	3	32	50.3242330679463	0.199361835194781
S3_11483090	3	33	51.5566415406893	0.459624463289395
S3_11707499	3	34	52.4206219187016	0.791745837853784
S3_11730169	3	35	52.5079019973505	0.791745837854309
S3_15371920	3	36	62.3739949543927	0.126635986835154
S3_15774801	3	37	62.6455206896892	0.0851055597403605
S3_16628947	3	38	63.2211810477121	0.764014112620954
S3_18812042	3	39	64.6925000602671	0.306264230134144
S3_20478129	3	40	65.8153762885901	0.903742480035445
S3_20800625	3	41	66.0327257380061	0.903742480039115
S3_25861668	3	42	69.4436669885053	0.321330056141853
S3_30314586	3	43	70.4724821029515	0.787909389936606
S3_31544931	3	44	70.5048521983138	0.787909389936604
S3_31574790	3	45	70.50563778177	0.787909389936604
S3_31814791	3	46	70.5119521531513	0.787909389936704
S3_38233374	3	47	70.6808236028672	0.787909389936604
S3_39538268	3	48	70.7151550653575	0.787909389936695
S3_41235129	3	49	70.7597990899088	0.788006785185314
S3_42069341	3	50	70.7817470167036	0.903854159034028
S3_50692482	3	51	76.4389583471281	0.452524228629188
S3_52291152	3	52	80.026156867227	1.05210810706981
S3_52817677	3	53	81.4286749910612	1.01825528301231
S3_53328118	3	54	82.9280413688031	1.02008097099849
S3_53571170	3	55	83.6419808776649	0.398609195641068
S3_53741831	3	56	84.1432794908088	0.27579557830506
S3_54811219	3	57	87.4108211811809	0.61149215199224
S3_55159188	3	58	89.1049830522389	0.330399516241451
S3_55361715	3	59	90.0910292841152	0.162030473690303
S3_55429382	3	60	90.4204806183688	0.423058391182698
S3_56442030	3	61	96.7767165707682	0.355153328792415
S3_56664715	3	62	98.2418406555044	0.342688281896713
S3_57259333	3	63	102.154044679205	0.377774995231934
S3_58357386	3	64	108.626297721816	1.82093788354878
S3_58449925	3	65	109.110898595816	1.73538027145666
S3_59021811	3	66	112.035814683934	0.982221441936106
S3_59130165	3	67	112.538576560707	0.982221441936099
S3_60136632	3	68	117.208577094418	0.49080121832185
S3_60275948	3	69	117.85500245596	0.749775775331981
S3_60699385	3	70	119.819747465973	0.351849480551902
S3_60709044	3	71	119.864565165068	0.351849480544983
S3_60822644	3	72	120.391668448762	0.726881531940321
S3_60842141	3	73	120.482134405823	0.726881531934937
S3_61324791	3	74	121.906982579413	0.365204797974723
S3_61392488	3	75	122.064037406685	0.17517140057911
S3_61415852	3	76	122.118241123015	0.123546128668195
S3_61842469	3	77	123.107978618713	0.173397181912555
S3_61973292	3	78	123.411483702664	0.0642428090496268
S3_62373842	3	79	124.340746610382	0.0485348201243012
S3_62378769	3	80	124.352177089339	0.0485348201243011
S3_62398185	3	81	124.397221574712	0.0347980991737207
S3_62441101	3	82	124.49678529197	0.0335783791406627
S3_62997877	3	83	125.788487413323	0.0314598580430772
S3_63753977	3	84	127.542614699618	0.027407162035083
S3_64376167	3	85	128.986075162864	0.100210620037201
S3_65243288	3	86	131.097331080414	0.0261523320880223
S3_65386194	3	87	131.46532591051	0.0160445256404983
S3_65482667	3	88	131.713751905527	0.0229456301643409
S3_65621113	3	89	132.070261864854	0.0206094540595041
S3_65769558	3	90	132.452520080419	0.0225122991196663
S3_65891350	3	91	132.766144605261	0.136233712437676
S3_66117269	3	92	133.346858226029	0.21617206711804
S3_66231603	3	93	133.639296715783	0.0204121624522237
S3_67547166	3	94	137.004186047882	0.0254083935472694
S3_67825820	3	95	137.716915025473	0.0254083935452115
S3_67934855	3	96	137.995799965476	0.0254083935472597
S3_68853230	3	97	140.374199521245	0.00930347221639598
S3_69570024	3	98	143.236480663327	0.297037459510969
S3_69669431	3	99	143.633429830718	0.445135218141191
S3_69905028	3	100	144.574208980978	0.0529881635859679
S3_70268304	3	101	146.024832234201	0.12489858484815
S3_70321880	3	102	146.238770373287	0.124898584846975
S3_70480125	3	103	146.870669746509	0.182006055629404
S3_70734364	3	104	148.014165843479	0.0533530135179763
S3_70748395	3	105	148.084756698168	0.2865380022581
S3_70863922	3	106	148.665980393532	0.082908660008609
S3_70964759	3	107	149.173297763233	0.0266837331416817
S3_70976233	3	108	149.231024188056	0.0632965320297829
S3_71009679	3	109	149.399293144362	0.0292008929227687
S3_71041333	3	110	149.558546434528	0.0504630295758818
S3_71257520	3	111	150.646197001319	0.154526943090131
S3_71257548	3	112	150.646337871103	0.15452694309013
S3_71440975	3	113	151.569170791281	0.138225793900191
S3_71689527	3	114	152.819651734525	0.109548644427138
S3_71691801	3	115	152.831092373365	0.107009285673018
S3_71816828	3	116	153.46011117382	0.255208769169969
S3_72463010	3	117	156.770786234826	0.0074715005207501
S3_72485673	3	118	156.887308614453	0.057344489911803
S3_72847112	3	119	158.745656245847	0.022225260133629
S3_72927543	3	120	159.159194237985	0.16783827784681
S3_73897275	3	121	163.055603008844	0.22668784395166
S3_73957465	3	122	163.277558746408	0.18561436650909
S3_74124699	3	123	163.894248326334	0.323493693253337
S4_277852	4	1	0.877574144186738	0.902881741899503
S4_572956	4	2	2.01585355541713	0.337152848776742
S4_1145655	4	3	4.224876410181	0.142376096085377
S4_1262607	4	4	4.67598535381516	0.40430488497951
S4_1369158	4	5	5.08697541001911	0.0547462571514551
S4_1664019	4	6	6.22431751813966	0.193015201799932
S4_2026262	4	7	7.62156644991399	1.56571088998038
S4_3377167	4	8	12.6969765136082	0.433453168656565
S4_3924021	4	9	14.741870431201	0.698135957227178
S4_4027064	4	10	15.127187177445	0.814815781532025
S4_4715637	4	11	17.7020220319376	0.964795601605597
S4_5061440	4	12	18.9951102262003	0.809412434913361
S4_5551256	4	13	20.6489206510111	0.297704545717396
S4_5644823	4	14	20.9646968414664	1.33165030997596
S4_5895454	4	15	21.8105431589715	1.44935116916747
S4_6065662	4	16	22.3849725392553	1.07618294805811
S4_6483509	4	17	23.7951506346648	0.894650825012792
S4_7148847	4	18	27.874325377088	0.384145659385828
S4_7811678	4	19	31.4368498427775	0.135361875458923
S4_9585774	4	20	40.5841055688155	1.33935400083275
S4_9717856	4	21	41.2532254377488	1.37198794797267
S4_9835691	4	22	41.8501708183136	0.931555505133821
S4_12497924	4	23	55.3368911589344	0.783946635317194
S4_12525431	4	24	55.4762400500381	1.72870683279846
S4_16372038	4	25	59.5021799502259	0.783946635365082
S4_20159577	4	26	59.7465054617189	1.02882628787437
S4_22296056	4	27	59.8843248543296	1.51779031480227
S4_27794247	4	28	60.2390006288528	1.01075422177578
S4_33771575	4	29	60.6245844395969	1.1143576022369
S4_37317005	4	30	60.8532920511127	1.11437011649339
S4_37450371	4	31	60.8618951879163	1.13320536038409
S4_38437866	4	32	60.9255962404921	1.13320536038409
S4_41459250	4	33	61.120498838516	1.13320536038326
S4_41670443	4	34	61.1341224177712	1.13320536038405
S4_42141405	4	35	61.1645031033678	1.13320536038409
S4_42928903	4	36	61.2153028051398	1.02884683578899
S4_44347105	4	37	61.3067877849778	1.02763027420351
S4_44403104	4	38	61.3104001528816	1.02763027420368
S4_47717404	4	39	61.8106741102669	0.894147833987928
S4_48782125	4	40	63.2369421866635	0.912011631803233
S4_50267019	4	41	67.7085082508473	0.740993854177394
S4_50462556	4	42	68.9709271865349	1.46408648911689
S4_50524490	4	43	69.3707832463234	1.46408648911678
S4_50710309	4	44	70.5704611804767	1.00876959255838
S4_51327084	4	45	74.5524617177597	1.87883890004272
S4_51703812	4	46	76.9846794607123	0.03119387908679
S4_51889053	4	47	78.1806257320865	0.164851517383885
S4_52142689	4	48	79.4926790610026	0.041725243797372
S4_52670643	4	49	81.5406881647182	0.181700743498148
S4_52700725	4	50	81.6573805467401	0.461680497049561
S4_53260988	4	51	83.8307208841086	0.219123358820903
S4_53366589	4	52	84.2403622721111	0.22439672807183
S4_53412277	4	53	84.417592560982	0.0751885559449345
S4_53476033	4	54	84.6649112069559	0.0751885460334965
S4_53875516	4	55	86.2145629205136	0.347855603198646
S4_54931448	4	56	90.3106742273787	0.404969435150293
S4_54940748	4	57	90.3467502579884	0.40496943515029
S4_55587604	4	58	92.8559972317647	0.813954554329139
S4_56428520	4	59	95.4549720686908	0.774252205571544
S4_56428522	4	60	95.4549781209254	0.774252205571544
S4_56514193	4	61	95.7756205561881	0.7323412516013
S4_57069020	4	62	97.9420333724905	0.649224520611108
S4_57303601	4	63	98.8348571054774	0.567531741795605
S4_57499607	4	64	99.2795534388314	0.444133555735852
S4_57516802	4	65	99.3185652724081	0.717854800134615
S4_57662319	4	66	99.6487126982046	0.723538764244576
S4_58140549	4	67	102.867914051102	0.0394702677202707
S4_58695211	4	68	105.252847507433	0.597731877404856
S4_59005450	4	69	105.989065506537	0.445152602838467
S4_59032214	4	70	106.052578277426	0.684270949881208
S4_59102932	4	71	106.220396844597	0.684270949881681
S4_59187835	4	72	106.421877370185	0.445152602838153
S4_59333526	4	73	106.767611905519	0.890373909892003
S4_59705352	4	74	107.649979995072	0.916205786835953
S4_59745788	4	75	107.745937340898	0.820317704070021
S4_60356888	4	76	109.196118714782	0.465420969416325
S4_60372659	4	77	109.233544357799	0.303555506881744
S4_60376916	4	78	109.243646504925	0.303555506870258
S4_60480661	4	79	109.489840362941	0.303555506870258
S4_60786328	4	80	110.451140751827	0.428631220384122
S4_60864055	4	81	110.741105902502	0.668713659778637
S4_61049303	4	82	111.432184475355	0.673615515497221
S4_61586054	4	83	113.390376099288	0.268531550082314
S4_62353568	4	84	116.421090312883	0.331150876619543
S4_62527347	4	85	117.359352952177	0.185486917604645
S4_62912417	4	86	119.438411955353	0.14552554609627
S4_62952704	4	87	119.655928381096	0.14552554609629
S4_62991639	4	88	119.866145126853	0.145525546096271
S4_63123457	4	89	120.577853127166	0.0863565526712241
S4_63326917	4	90	121.676368578347	0.124942071195173
S4_63532761	4	91	122.787755654592	0.127781839366107
S4_64628206	4	92	128.702251174196	0.158283133283275
S4_64794521	4	93	129.600214396761	0.354768411063171
S4_64817997	4	94	129.726965348947	1.12581957586865
S4_65019397	4	95	130.814358506658	0.576564205495427
S4_65106424	4	96	131.284232212398	0.420461477426937
S4_65415881	4	97	132.955043654333	0.661141910952693
S4_65441255	4	98	133.092042234192	0.661141910963763
S4_65569947	4	99	133.786872424123	0.151829223042244
S4_65770253	4	100	134.868358888117	0.548604448076305
S4_65772650	4	101	134.881300702412	0.548604448076275
S4_65925206	4	102	135.704976723106	0.520045758901425
S4_66228387	4	103	137.341902964158	0.0898068103732719
S4_66583785	4	104	139.260757747991	0.452908213417061
S4_66699763	4	105	139.886942870359	0.0720847552302899
S4_67174893	4	106	141.924053847154	0.151760753903188
S4_67519829	4	107	143.254545968549	0.450470658860824
S4_67522846	4	108	143.266183184526	0.450470658860731
S5_446174	5	1	1.52224292108545	1.02012994758405
S5_625655	5	2	2.19197293858614	1.27440167522087
S5_1021182	5	3	3.66787459186418	1.84027458794502
S5_1041011	5	4	3.74186613702507	1.29811366253634
S5_1126607	5	5	4.06126602101273	1.36483537026252
S5_1549419	5	6	5.63898114495066	2.06561000585274
S5_1912234	5	7	7.87023020686482	1.88709231433043
S5_2224945	5	8	9.88497426098624	1.54660488982541
S5_2306717	5	9	10.4118174190255	2.89195338317517
S5_2446723	5	10	11.3138523843492	3.1379959750445
S5_2459748	5	11	11.3977702551785	2.05947337536114
S5_2632572	5	12	12.5112460408384	2.05947337627144
S5_2767363	5	13	13.3796816436764	3.85389851293882
S5_2802165	5	14	13.6111765606606	3.19895996928833
S5_3326200	5	15	18.1367618699469	2.41053762299703
S5_5055394	5	16	29.9901874373989	1.05110310569993
S5_5128742	5	17	30.403907790866	0.795808592510084
S5_5186687	5	18	30.730747321346	0.795808567986099
S5_5263601	5	19	31.16458174446	0.00157786839572833
S5_5289088	5	20	31.3083415013561	0.107228463135397
S5_5310337	5	21	31.4281967638148	0.922855480275844
S5_5755229	5	22	33.9376159094585	1.20431757620609
S5_6100683	5	23	35.8861537153511	0.738773868123807
S5_6289764	5	24	36.9526675692245	0.625427521661358
S5_6289808	5	25	36.9529157518	0.625427521661355
S5_6848623	5	26	40.1049190691733	0.18555150439278
S5_7690050	5	27	44.0866995741725	0.223383182685534
S5_8518638	5	28	46.3232734582987	0.548037845313956
S5_8719027	5	29	46.8641753348238	0.823568227191292
S5_8905620	5	30	47.3678382297254	0.876424418238559
S5_9467603	5	31	49.116441910075	0.629521122949519
S5_9541562	5	32	49.3623484080343	0.629521122948148
S5_9764716	5	33	50.1043138029911	1.29485439309557
S5_11172463	5	34	54.7849359690926	0.245426622218255
S5_11441547	5	35	55.6796141569653	0.551668687700246
S5_11663887	5	36	56.4188730809133	0.139392937934848
S5_12470931	5	37	57.839038402317	0.723520134044782
S5_15263263	5	38	59.8702461806769	0.169659335145172
S5_15272376	5	39	59.8768751905813	0.169659335144766
S5_15278752	5	40	59.8815132425016	0.169659335144757
S5_15758860	5	41	60.2307550604705	0.184765231863555
S5_16004923	5	42	60.409747056969	0.15759764798737
S5_17617652	5	43	61.582883950858	0.146433217109269
S5_17638459	5	44	61.5980194505924	0.146433217112016
S5_18158078	5	45	61.9760024965137	0.131544720562047
S5_18530792	5	46	62.2471234004405	0.131544720559847
S5_19207697	5	47	62.7395199711959	0.131544720559814
S5_20200953	5	48	63.4620376779381	0.139640699819585
S5_20737187	5	49	63.646060710654	0.139640699819738
S5_28290427	5	50	64.8975670225007	0.139640699822927
S5_32706459	5	51	65.6292651972333	0.144744074363491
S5_35204004	5	52	66.0430867270166	0.0788529225455481
S5_41448609	5	53	67.0777635772808	0.359630559214422
S5_47000808	5	54	69.5321871128607	0.374239901280825
S5_51297404	5	55	78.1674524564962	0.109947506706492
S5_51508187	5	56	78.5609965433368	0.379567702327014
S5_52277025	5	57	79.9964616834968	0.273300982876861
S5_54448528	5	58	90.3405501326674	0.0874574823746002
S5_55146090	5	59	94.501682151613	0.389907203833507
S5_58133066	5	60	109.276875348475	0.215925026740547
S5_58669461	5	61	112.898139429677	0.0576563691634621
S5_59052070	5	62	114.648739614756	0.585752913900933
S5_59560623	5	63	116.574563604677	0.0836780755125674
S5_59692251	5	64	117.073021700775	0.0675383451820377
S5_60426039	5	65	119.830618449309	1.4443876150909
S5_60787040	5	66	121.091513169502	1.81310250070951
S5_61044403	5	67	121.832121004153	1.14008091528163
S5_61065606	5	68	121.89313641009	1.56428985508457
S5_61966001	5	69	124.049507664859	1.80795783488855
S5_62036077	5	70	124.178050852063	1.85657820472644
S5_62129985	5	71	124.35031002245	1.72155150649843
S5_62131181	5	72	124.352503892704	1.72155150649842
S6_114296	6	1	0.286339927792229	0.428915556277335
S6_367565	6	2	1.2039327001688	0.596054861971182
S6_928930	6	3	3.23775628957443	0.209746359212671
S6_1553686	6	4	5.501245268087	0.543201229018403
S6_1970542	6	5	7.22190671018664	0.272076593526525
S6_2159698	6	6	8.91007062118255	0.319712468160692
S6_3228290	6	7	18.4469526126549	0.0354404878269064
S6_5858254	6	8	26.0102859231377	0.33551407565306
S6_7005781	6	9	26.2325760444643	0.425465814351307
S6_11167728	6	10	27.0387964676743	0.0350125205059071
S6_15104204	6	11	27.8013403796165	0.0211022835410704
S6_23227336	6	12	29.3748911525674	0.0335173920645785
S6_27489006	6	13	30.2004291498031	0.0388073054710125
S6_29882120	6	14	30.6640048228883	0.023214997528478
S6_31015835	6	15	30.8836193896042	0.0538097578301762
S6_31707792	6	16	31.0176599877625	0.0186844256640334
S6_41869707	6	17	41.8575486862054	0.0925803373871663
S6_42410515	6	18	43.8804644660825	0.205797978801578
S6_42622684	6	19	44.6740918127578	0.198121136720025
S6_43362906	6	20	47.4429243086013	0.353736065881892
S6_44975837	6	21	53.476162670003	0.788050854763117
S6_45753821	6	22	56.3862455646568	1.38432998891887
S6_46111881	6	23	57.7255845244036	0.155457659102595
S6_46120854	6	24	57.7591484200798	0.351166578077778
S6_46437152	6	25	58.9422748075289	1.16177346759464
S6_46508073	6	26	59.2075578840083	1.22556430886676
S6_48516651	6	27	66.7979748444636	1.19440788432683
S6_48666852	6	28	67.2923713663274	1.39098667255586
S6_48847900	6	29	67.8883028281046	1.2824404817255
S6_49091899	6	30	68.6914416683137	2.43736064026099
S6_49301854	6	31	69.3825224317435	1.43693542427232
S6_49557823	6	32	70.2250613183352	2.00535810265981
S6_50014795	6	33	71.2785312054938	2.65427621520704
S6_50039518	6	34	71.3044640219171	0.869448138096745
S6_50335266	6	35	71.6146844074515	3.65138250967162
S6_50674437	6	36	72.6859335499475	2.48468046162993
S6_51021754	6	37	74.3360987225058	1.72219123090561
S6_51284481	6	38	75.5843616790865	0.785895445915539
S6_51853944	6	39	78.2899822207258	1.52723253740381
S6_52115246	6	40	79.5314747474948	0.751106421500439
S6_52239635	6	41	80.1224691291386	0.683278759314632
S6_52247265	6	42	80.1587206234985	0.683278759327443
S6_52490455	6	43	81.1434740734315	0.448167657805278
S6_52747881	6	44	81.647668173361	0.559162965239051
S6_52992347	6	45	82.8912612644377	0.469908126506179
S6_53766843	6	46	86.8311051472948	0.103303204710987
S6_53812892	6	47	87.065355383528	0.35203475397755
S6_53910360	6	48	87.5611729262581	0.167846595673537
S6_54088634	6	49	88.4680487892354	0.247690304513801
S6_54252779	6	50	89.3030507442508	0.0888911956431405
S6_55176217	6	51	92.7226258689766	0.166639785886136
S6_55711593	6	52	95.2656658113888	0.309583009237444
S6_55935898	6	53	96.4991781478396	0.302997589626917
S6_56547690	6	54	99.8635836641764	0.428521080227371
S6_56578707	6	55	100.034154325284	0.428521080227432
S6_56671344	6	56	100.543589613449	0.626665470519762
S6_56713901	6	57	100.777621777254	0.901208778010179
S6_57324559	6	58	102.658670977388	0.232225744200907
S6_57329859	6	59	102.674643393444	0.232225744199577
S6_57356226	6	60	102.754104656493	0.26581877654567
S6_57680513	6	61	103.731396521709	0.626361518271975
S6_57760405	6	62	103.972164118609	0.421830261197252
S6_58208840	6	63	105.323596268458	0.217084774222861
S6_58434905	6	64	106.00579802172	0.0621733355527744
S6_58749572	6	65	106.977534056604	0.0470444983681292
S6_59269696	6	66	108.585265726078	0.114691135381422
S6_59448315	6	67	109.189062937084	0.442557153052006
S6_59605809	6	68	109.721449961703	0.228735778527681
S6_60096762	6	69	111.381049736281	0.339494509875904
S6_60199185	6	70	111.727276743166	0.363711475890485
S6_60204998	6	71	111.746926798242	0.363711475896585
S6_60216422	6	72	111.785544074895	0.363711475890107
S6_60446749	6	73	112.564133139998	0.377649961912305
S6_61131968	6	74	114.880422678786	0.0432113132931966
S6_61262660	6	75	115.322209191424	0.373370736432647
S6_61498318	6	76	115.872666004181	0.127753967173769
S6_61751398	6	77	116.346040629322	0.208507477820152
S6_61775789	6	78	116.391662885059	0.208507477806379
S7_436434	7	1	2.17102936638112	0.125481815609789
S7_581540	7	2	3.10674641622117	0.515020027078222
S7_1795354	7	3	10.9734963800995	0.780720538684259
S7_1841761	7	4	11.2691355721779	0.738472878642644
S7_1888070	7	5	11.5641504480792	0.67918824465745
S7_2283412	7	6	14.0606057942037	0.70892083525082
S7_2555866	7	7	15.7695156427374	0.605680021844159
S7_2810744	7	8	17.3681837642354	0.597971938657917
S7_2919596	7	9	18.0509249168848	0.940239466947314
S7_3473963	7	10	21.4767911431588	0.607181203683171
S7_3719221	7	11	22.9924316825912	1.01852431998154
S7_4027277	7	12	25.5993566784727	0.423423639426577
S7_4227535	7	13	27.5354084038375	0.601079379553755
S7_4708507	7	14	32.1853433400306	0.528641843580736
S7_5064509	7	15	35.6270949121691	0.333573435305159
S7_5080761	7	16	35.7842157894405	0.33357343529888
S7_5773128	7	17	39.7396184880673	0.339645391854057
S7_6662757	7	18	44.3435004442428	0.623043452866695
S7_7879045	7	19	50.9674491115603	0.741810962615402
S7_8889420	7	20	53.3849899148617	0.345404773284095
S7_9788839	7	21	54.5121499268169	0.167697028877229
S7_9883610	7	22	54.5305998341144	0.16769702887723
S7_10305618	7	23	54.6127558573579	0.167697028877229
S7_16217338	7	24	55.7636425839819	0.114784774011865
S7_17344377	7	25	55.9830532166721	0.0767620995128922
S7_17701183	7	26	56.0525157909111	0.0767620994931915
S7_17769117	7	27	56.0657411024763	0.0767620994892287
S7_23504604	7	28	57.1823189950397	0.0981890529028012
S7_27475127	7	29	57.9552957629609	0.0767620994892607
S7_29683419	7	30	58.3852034634795	0.0767620994892281
S7_37561466	7	31	59.9188924277775	0.0314503778151381
S7_43630599	7	32	61.1004241329016	0.075158747605896
S7_52252758	7	33	64.4673019473747	0.10963578125293
S7_52552035	7	34	65.2898104165163	0.245100535147135
S7_53473323	7	35	67.8218031273446	0.182740593660407
S7_53848444	7	36	69.7206965126339	0.0417021199530061
S7_54217510	7	37	71.6131804535708	0.171458406225474
S7_54660263	7	38	73.8835140586757	0.538173542548265
S7_54923788	7	39	75.234808489849	0.538173542529216
S7_54923961	7	40	75.2356955932987	0.538173542528907
S7_55268134	7	41	77.0005340650195	0.281525313425312
S7_55700992	7	42	79.2201284294586	0.398199292854705
S7_55919581	7	43	80.3410015853859	0.319684198851273
S7_55960361	7	44	80.5501118667757	0.648668409027631
S7_56026641	7	45	80.8899801711042	0.314313508108277
S7_56452647	7	46	83.0355168006908	1.39241847910484
S7_57462335	7	47	88.0483451909573	1.01836314798519
S7_57504955	7	48	88.4390714027729	1.01836334055524
S7_57586956	7	49	89.193987876365	1.01597922807028
S7_57592722	7	50	89.2470707459243	1.01597922812285
S7_57771331	7	51	90.8913784547547	0.98814603730222
S7_57893515	7	52	92.0162271079343	0.905556684028699
S7_58118907	7	53	94.0912278251922	1.06907667812501
S7_58484190	7	54	96.9437326082817	1.16827320767869
S7_58976564	7	55	99.7023049823607	1.57858691524626
S7_59663043	7	56	103.421776435448	1.92647140927002
S7_61043339	7	57	110.263509319888	0.79417082366528
S7_61508244	7	58	112.567910569071	0.534521744285064
S7_61633140	7	59	113.184912336907	0.554175143978571
S7_61719755	7	60	113.590011923156	0.141253212799808
S7_62037723	7	61	115.077152779135	0.835091688954928
S7_62299631	7	62	116.30210021821	0.769520275107075
S7_62747095	7	63	117.745034506919	0.0588270382704339
S7_62750171	7	64	117.749523822555	0.0588270382703439
S7_62799815	7	65	117.821977523934	0.0312010005026529
S7_62823539	7	66	117.856601881591	0.0312010005026556
S7_63079178	7	67	118.229698162448	0.202592620162865
S7_63124990	7	68	118.454452989458	0.19661357798446
S7_63133666	7	69	118.510300790596	0.196613577984464
S7_63217701	7	70	119.051237854755	0.0644574829122082
S8_377492	8	1	1.99780328101828	0.487737368575601
S8_1157132	8	2	7.61173236935281	0.0237359353424721
S8_1235490	8	3	8.3996032545722	0.530632587420344
S8_2047825	8	4	15.8541321353539	0.23699004643933
S8_2182111	8	5	17.0758496497836	1.08213287656869
S8_2534785	8	6	20.2844343323565	0.699700611213564
S8_2789852	8	7	22.6050025319682	0.718086680317336
S8_2813288	8	8	22.8182203779698	0.221885155222098
S8_3416417	8	9	28.5981735624479	0.38441102437075
S8_4016742	8	10	34.0642008851069	0.109766439198023
S8_4375057	8	11	36.8920407994506	0.141806738345742
S8_5339502	8	12	41.3677668152543	0.736982266465202
S8_5366356	8	13	41.533166135616	0.736982266465165
S8_6402178	8	14	46.1181909728518	0.375950615381788
S8_6553843	8	15	46.1884782644101	0.460572327171671
S8_9158345	8	16	47.3955029005366	0.189472745601273
S8_11290924	8	17	48.3838205871754	0.671928183366798
S8_11486039	8	18	48.4742442504622	0.671928183483629
S8_12317173	8	19	48.8594231498919	0.67192818348364
S8_16772826	8	20	50.9243411038928	0.627290017291541
S8_16861846	8	21	50.9655963354526	0.351909464446645
S8_23709400	8	22	54.1390115891967	0.0966203131364326
S8_24177730	8	23	54.3560534067254	0.0966203133412763
S8_28198768	8	24	56.2195543480958	0.0966203134463638
S8_28614404	8	25	56.4121757750178	0.0966203134620177
S8_34086325	8	26	58.9480707192099	0.293928138748156
S8_37244853	8	27	60.4118519372299	0.560470196224781
S8_40266069	8	28	61.81199758621	0.191539622393464
S8_40557670	8	29	61.9471365075543	0.191539613805476
S8_41887557	8	30	62.5634563922249	0.574505054280991
S8_42679387	8	31	63.3144936979123	0.574505054280956
S8_42923619	8	32	63.7023561911019	0.574505054280985
S8_44280667	8	33	65.8574710845554	0.430980771220053
S8_45639185	8	34	69.3799590240078	0.269163115760805
S8_45685542	8	35	69.6099231721904	0.269163115760812
S8_46183553	8	36	72.0804168495331	0.0262966079602724
S8_47197871	8	37	77.1121655575234	0.056304435292624
S8_47417106	8	38	78.1997292485909	0.135045582973538
S8_48034904	8	39	81.2644528247267	0.0902481246612901
S8_48230512	8	40	82.2348095582881	0.0870254215180139
S8_48281845	8	41	82.4894582546804	0.0355346915949601
S8_48404087	8	42	83.095866723782	0.30695235581763
S8_49839868	8	43	91.2890609497302	0.0543232236363291
S8_49875527	8	44	91.5261539719757	0.0543495049871346
S8_50488733	8	45	94.9128860741962	0.0674437783413423
S8_50538094	8	46	95.1687154963653	0.220027133525718
S8_51052865	8	47	98.3770226196189	0.235357316349457
S8_51650367	8	48	102.543290410897	1.43749094818138
S8_52304987	8	49	107.10783115139	1.85468521939683
S8_52641617	8	50	109.461466317129	1.86514058542301
S8_52653238	8	51	109.542771822786	0.527280226603772
S8_52943711	8	52	111.575045649886	2.04033399796
S8_53237964	8	53	113.633765979988	0.514953516975204
S8_53501790	8	54	115.479605953784	0.143646272596645
S8_53511394	8	55	115.546799661411	3.58765211319316
S8_53614567	8	56	116.268642268343	2.187772400347
S8_53971834	8	57	117.602454903238	0.501349997497864
S8_53981219	8	58	117.63783085315	0.501349997490606
S8_54339789	8	59	118.98942961286	1.9823305802923
S8_54779568	8	60	120.689742128971	1.73894834853675
S8_54823476	8	61	120.949288915282	1.44070199958621
S8_55221410	8	62	123.301536589139	2.40128181638078
S8_55285952	8	63	123.68305405024	0.0204495160709027
S9_94954	9	1	0.318222663175156	0.138093937753641
S9_545479	9	2	2.44533560309179	0.216959487327531
S9_1105142	9	3	5.66141996121154	0.0528197730009835
S9_1110317	9	4	5.69115792236543	0.0528197730009835
S9_1198394	9	5	6.19728940150576	0.0561945749957952
S9_1529156	9	6	8.15709983518492	0.0565285663807893
S9_1738436	9	7	9.82254261006235	0.313377938066718
S9_2055588	9	8	12.3464269130914	0.0226170358068406
S9_2156515	9	9	13.1496003789747	0.19734393487624
S9_2744211	9	10	18.5594289907527	0.283291952293208
S9_2907436	9	11	20.2419562062881	0.15568625852104
S9_3060082	9	12	21.8154348360483	0.61032696535872
S9_3529957	9	13	26.6589176076805	0.196365196569104
S9_3555869	9	14	26.9260191252725	0.236017013795645
S9_3590415	9	15	27.2821201219818	0.242951590653882
S9_3848263	9	16	29.9400234913882	0.376265358346468
S9_4422563	9	17	34.9338087855618	0.1359823262684
S9_4434057	9	18	35.0133167583793	0.135982326267962
S9_4490489	9	19	35.4036764175093	0.387900119514478
S9_4529506	9	20	35.6735704992409	0.27939962256964
S9_4914889	9	21	38.1764315293965	0.5995231038608
S9_5373850	9	22	40.6067403132226	0.424997401772544
S9_5626419	9	23	41.9441538608272	1.24380086902596
S9_6088921	9	24	44.3932130905594	0.648255501366009
S9_6273336	9	25	45.2589104973337	0.119733784713821
S9_6403089	9	26	45.7119072766796	0.567328169998491
S9_6430649	9	27	45.8081254083511	0.567328169998492
S9_6810859	9	28	47.132401927612	1.87442348823859
S9_7131683	9	29	48.2140829661639	0.120812475480204
S9_7221290	9	30	48.5161993689938	0.61944408302874
S9_7319809	9	31	48.8483632165772	0.626037599661982
S9_8214056	9	32	50.5226263629831	0.536519002661524
S9_8214057	9	33	50.522627785197	0.536519002661524
S9_8280581	9	34	50.6172391397357	0.120812475480293
S9_8400690	9	35	50.7880598237338	0.792810885922256
S9_9079584	9	36	51.7535922771071	0.369599216913769
S9_9366104	9	37	52.0628781242785	0.281867391931598
S9_11676861	9	38	53.8595280205667	0.145361797914164
S9_13029934	9	39	54.911563550534	0.48331476104177
S9_13799936	9	40	55.5102522111944	0.483314761037301
S9_17563246	9	41	56.7279997551512	0.193594320045684
S9_18250177	9	42	56.9231519602471	0.193594320045685
S9_31600682	9	43	60.7159353546403	0.166577067507167
S9_39695629	9	44	63.0156521488809	0.199526204076479
S9_40662937	9	45	63.2904574629618	0.19952620407648
S9_41396056	9	46	63.4987313499281	0.199526204076468
S9_41581644	9	47	63.5514555790564	0.19954571540237
S9_41763480	9	48	63.6031138917048	0.260213111226578
S9_44206125	9	49	64.2970519408196	0.728369339976762
S9_44624237	9	50	64.4158345824198	0.728369339976186
S9_46990222	9	51	65.0879940714715	0.987981265856483
S9_47656904	9	52	66.4596156639688	0.842295205607841
S9_48006384	9	53	67.4417385543116	0.546087677407618
S9_48267442	9	54	68.1753743489411	0.827256070120071
S9_49222874	9	55	71.316982135977	0.655448528497786
S9_49993703	9	56	76.3553201371512	0.665050068145706
S9_50000978	9	57	76.4118682027015	0.0586153643692036
S9_50034932	9	58	76.6757902669899	0.406893524013842
S9_50121777	9	59	77.3508303704572	0.406893524084073
S9_50634279	9	60	81.3344725272557	0.291362452889219
S9_50899876	9	61	83.5464425771985	0.455595240173599
S9_50979662	9	62	84.2624513484389	0.474640238044349
S9_50981809	9	63	84.281718774201	0.89707191604273
S9_51202941	9	64	86.2661828606565	0.0606256699476573
S9_51302528	9	65	87.1598880909165	0.390363557536538
S9_51310463	9	66	87.2310976966091	0.39036355754265
S9_51407629	9	67	87.77874315527	0.390363557398579
S9_51490241	9	68	88.2400739593537	0.358889601083568
S9_52810494	9	69	95.6379520554781	1.14182975530392
S9_53011958	9	70	96.7744654565072	0.874937185261631
S9_53541871	9	71	99.6908084803005	1.25964793241133
S9_53541881	9	72	99.6908461135735	1.25964793241131
S9_53542027	9	73	99.6913955593585	1.25964793241137
S9_53869283	9	74	100.922966996452	1.94592888546511
S9_54089483	9	75	101.751651666703	1.04974627551097
S9_54360840	9	76	102.77285687136	0.174690978418517
S9_54774107	9	77	104.328115852382	0.854847674661073
S9_54871447	9	78	104.69443813123	0.868311270952454
S9_54991840	9	79	105.147516394198	0.433095060440238
S9_55070766	9	80	105.444551639621	0.769169675641205
S9_55228681	9	81	106.102444322643	0.687514942802865
S9_55348750	9	82	106.602666065719	0.494298732005509
S9_55467958	9	83	107.099300780329	0.494298732008479
S9_55630398	9	84	107.776045151859	0.579258688669936
S9_55966045	9	85	109.166933086111	0.908953985475245
S9_56083347	9	86	109.533962454528	0.573859680359358
S9_56349127	9	87	110.36556861246	0.545218127168385
S9_56445243	9	88	110.666308538248	1.17555434692405
S9_56500345	9	89	110.838718661336	0.709300787608282
S9_56627269	9	90	111.23585456317	0.774219043031455
S9_56662066	9	91	111.344731828117	0.774219043031488
S9_56711110	9	92	111.49818691281	0.774219043031517
S9_56732263	9	93	111.564373100856	0.83411545459402
S9_56800647	9	94	111.778341629353	0.713466575062081
S9_57025622	9	95	112.485559319781	0.549461517460436
S9_57345180	9	96	113.499253604471	0.771212466277007
S9_57401543	9	97	113.678046972085	0.651635578877117
S9_57515603	9	98	114.039865390375	0.651635578864096
S9_58067499	9	99	117.161786958139	1.03431468289632
S9_58259249	9	100	118.046558433229	0.401487131920822
S9_58319571	9	101	118.283523940837	0.76843474699254
S9_58372526	9	102	118.491549345422	0.263817823193905
S9_58419568	9	103	118.676346457733	0.661713824893829
S9_58472884	9	104	118.885789994148	0.661713824893903
S10_689097	10	1	3.57568921097946	0.218684500544786
S10_1272423	10	2	6.60746129967655	0.686472479897048
S10_1676831	10	3	8.70932695772336	0.774631213238709
S10_1783212	10	4	9.26223038833966	0.785765483597936
S10_2438289	10	5	13.1309462397488	0.309079585699016
S10_2623357	10	6	14.5589734620319	0.326519468257329
S10_2623537	10	7	14.5603623834014	0.326519468257324
S10_3016459	10	8	17.5922388408868	0.290629558564511
S10_3182379	10	9	18.8725156943743	0.315167816607273
S10_3845291	10	10	23.9473253090059	0.0765130592228929
S10_5265083	10	11	29.2505168053386	0.2134250742045
S10_6373099	10	12	36.8146629691363	0.488766594094064
S10_6818026	10	13	39.5142895415615	0.932776991832586
S10_6852940	10	14	39.615486999762	0.932776991832424
S10_7164165	10	15	40.5175657913192	0.9618977432618
S10_7346318	10	16	41.0455322404108	0.663216001802502
S10_9385156	10	17	50.4016228148366	0.97527555203786
S10_10474030	10	18	55.2210614814075	0.587055394370251
S10_10623449	10	19	55.8824012747357	0.485345005471921
S10_11152492	10	20	58.2239855998997	0.742685609094966
S10_14351999	10	21	64.6841084726675	0.850163622251063
S10_15084722	10	22	65.0978441565465	0.505207038641484
S10_15215202	10	23	65.1715203370848	0.505207038641472
S10_16514025	10	24	65.9049071997093	0.708474170687933
S10_20955298	10	25	67.5508086103394	0.858214398250866
S10_33536067	10	26	67.8761054397734	0.858214398250897
S10_33818461	10	27	67.8834072090732	0.858214398250899
S10_34071117	10	28	67.8899400526329	0.858214398250896
S10_35160050	10	29	67.9180962370733	0.858214398250899
S10_41813717	10	30	69.033123911847	0.47486671812519
S10_47434409	10	31	72.0644511955966	0.330374043610902
S10_47674101	10	32	72.3428416914218	0.336135549698937
S10_47793146	10	33	72.481106617141	0.281719789181931
S10_48875686	10	34	74.0689387762959	0.115083505553588
S10_49700169	10	35	76.4087732344437	0.756280433769326
S10_49841944	10	36	76.8524123146005	0.149385225869937
S10_50838732	10	37	79.9720266264343	1.01429408679145
S10_50838803	10	38	79.9722488327772	1.01429408665452
S10_51362150	10	39	81.6101505643944	0.617577799049066
S10_51781268	10	40	82.9218502549476	0.387242784231447
S10_51993261	10	41	83.6508145200255	0.091923824053879
S10_52559350	10	42	85.8563554138826	0.15846116205502
S10_52711895	10	43	86.6886760335842	0.13291579872899
S10_52832404	10	44	87.3462008659918	0.287095229952114
S10_53145391	10	45	89.2821134859708	0.0692443057135722
S10_53145516	10	46	89.2829602900756	0.159106809338007
S10_53451477	10	47	91.3556725358792	0.121651863799599
S10_53595637	10	48	92.332274773926	0.121651863810366
S10_53687459	10	49	92.9543167460537	0.308174112807516
S10_54111502	10	50	96.5279184892464	0.323796982773574
S10_54711625	10	51	99.1144079901502	0.234913815319798
S10_54737026	10	52	99.22388458047	0.234913815319707
S10_54737105	10	53	99.2242250651216	0.234913815319767
S10_54740053	10	54	99.2369307455382	0.234913815319717
S10_55120603	10	55	100.877075481815	0.019633549377406
S10_55192664	10	56	101.187653513193	0.0945949367271397
S10_55196444	10	57	101.203945057283	0.0945949367271403
S10_55666345	10	58	103.987301388824	0.0643472121659373
S10_55791400	10	59	104.795146355004	0.0811808503838209
S10_56153226	10	60	107.132512415799	0.0429159877452948
S10_56560460	10	61	109.763210404341	0.00421624844554919
S10_56676322	10	62	110.512035406727	0.0472241364038879
S10_56982718	10	63	112.817369710251	0.229668806503014
S10_57673404	10	64	117.97621380106	0.191702064684025
S10_58301081	10	65	120.98871761954	0.269996018334586
S10_58559331	10	66	122.228175351976	0.0824092844591747
S10_58653694	10	67	122.681065768262	0.185426489811881
S10_59210363	10	68	125.3527703044	0.117872080817731
S10_59661187	10	69	127.628161194163	0.379178288303869
S10_59887016	10	70	128.832220236843	0.455722345060567
S10_60470905	10	71	131.945358187998	0.671698192031255
S10_60871475	10	72	133.918298785489	0.672852492479035
