mk.names	chr	pos.ind	pos.cM	log10pval
S1_69121	1	1	0.185010400220716	3.49738069364033
S1_80410	1	2	0.223173359000347	3.7534408466739
S1_577509	1	3	1.7693568191779	3.99873201957455
S1_821014	1	4	2.3936890811088	3.87489808951242
S1_1348345	1	5	3.86903532055653	0.395304432527919
S1_1536966	1	6	4.43807942000248	4.50606647516792
S1_2369035	1	7	6.94831929139483	0.428758485673979
S1_2464406	1	8	7.23604072648562	4.70621645556736
S1_3215055	1	9	9.50064744686673	3.65505219015019
S1_3215185	1	10	9.50103963932106	3.65505219015019
S1_3258971	1	11	9.6331360916691	3.6667461640384
S1_3535871	1	12	10.4685060193897	4.19556413065375
S1_4216520	1	13	12.5219321874398	5.04965406533167
S1_4295319	1	14	12.7596581351988	4.57564281792468
S1_4319536	1	15	12.8327175557102	4.10775065912849
S1_4468470	1	16	13.2820313325796	4.94523375942729
S1_4530839	1	17	13.4701901878415	5.02382443418685
S1_4954126	1	18	14.4526258435254	5.84794321643476
S1_6837999	1	19	17.7425149780595	5.66562021646003
S1_7195981	1	20	18.3676744724409	5.28215208702277
S1_7590801	1	21	18.8691753151358	1.23089325582171
S1_7640689	1	22	18.9162940462446	1.23089325582177
S1_7816461	1	23	19.0823089918118	1.63904062470447
S1_7953228	1	24	19.2114840939919	1.71183943022416
S1_7990570	1	25	19.2467532500427	1.82184131594494
S1_8308469	1	26	19.547005765693	4.7711650293882
S1_8429405	1	27	19.661228642244	1.55349908592599
S1_9247933	1	28	20.5598009779263	4.15339933437296
S1_9785963	1	29	21.1990132087134	1.82043580225801
S1_10044853	1	30	21.5065902107923	1.93901261493387
S1_10291067	1	31	22.3720821708061	1.58726842775293
S1_10322103	1	32	22.4930054600357	3.8434975016279
S1_10934969	1	33	24.8808702807926	3.61711798261678
S1_11491133	1	34	27.4588430485259	2.64925124353541
S1_12122546	1	35	31.3430996583726	2.99815542152617
S1_12769005	1	36	34.9645040460767	1.89072685057566
S1_12903694	1	37	35.7190195460164	0.821018795141839
S1_12938971	1	38	35.9166380842145	0.643573451552299
S1_13871452	1	39	41.1403116425542	0.684001900865962
S1_14127467	1	40	42.5744843345859	0.172250127547381
S1_14160192	1	41	42.7578068014208	0.16468834666654
S1_14246694	1	42	43.2423831200197	0.0981436101629072
S1_14357627	1	43	43.863819673523	0.0773362263358537
S1_14478464	1	44	44.5407375321916	0.106119929254957
S1_15769166	1	45	50.0936160582495	0.585932449230782
S1_16615608	1	46	53.28276712133	0.463385719662697
S1_17464476	1	47	56.3110173100375	0.771202263474429
S1_18083382	1	48	58.321375547432	0.420633762645653
S1_19061369	1	49	61.4981167997624	0.723620721185727
S1_19274458	1	50	62.1427991146122	0.963721955276446
S1_19605364	1	51	62.8595946856167	0.150925523504803
S1_19767176	1	52	63.2101054800277	0.153683095324714
S1_19980462	1	53	63.6721172300632	0.198440339623025
S1_20172421	1	54	64.0879312709523	0.623797747745631
S1_20257881	1	55	64.2730513639637	0.276677674018478
S1_20393420	1	56	64.5666506184299	0.276677674018422
S1_21649576	1	57	67.2876863726642	0.159657227542791
S1_21991976	1	58	67.9542526185215	0.578974765677033
S1_24550189	1	59	70.5806285794195	0.229063366289261
S1_24932099	1	60	70.7495516077366	0.301345751888291
S1_27527703	1	61	71.8976160417449	0.377643080025793
S1_30434648	1	62	73.1833900527722	0.53714703517423
S1_31744171	1	63	73.7626065980602	0.413647736164057
S1_42275014	1	64	78.4205152422237	0.280679807100155
S1_42953211	1	65	78.7204892964135	0.280679807103958
S1_45747234	1	66	81.7870829226376	0.563187232936936
S1_46296903	1	67	82.5201007573659	0.260707868349558
S1_47398173	1	68	86.7391005969062	1.05167636835001
S1_47563214	1	69	87.6025068751719	0.760327801400741
S1_49580072	1	70	91.0652776318668	0.254843510284955
S1_49751212	1	71	91.1150811895765	0.290150521850934
S1_49951229	1	72	91.1732882609942	0.115570024496319
S1_50005399	1	73	91.1890523063439	0.061992626166483
S1_50773679	1	74	92.2626552304415	0.644103372297565
S1_51025171	1	75	93.2946271632722	0.127932621623002
S1_51962953	1	76	97.1427205543696	0.461423143226595
S1_52201162	1	77	98.1201870429564	0.573739673467667
S1_52546635	1	78	99.5378004841428	0.649944236391778
S1_52728980	1	79	100.286034710647	0.665432923436525
S1_52794182	1	80	100.553584509306	0.589928514418328
S1_53232083	1	81	102.350466880748	0.232832526401062
S1_53387610	1	82	102.988656162305	0.227270927136657
S1_53562386	1	83	103.705831764441	0.302557227363466
S1_53790631	1	84	104.893179235576	0.264637269453698
S1_54059538	1	85	106.394938216999	0.206613056529579
S1_54073544	1	86	106.473157215738	0.313443909139755
S1_54147699	1	87	106.88728900579	0.386274982681835
S1_54166471	1	88	106.992124579424	0.159748215197571
S1_54658615	1	89	109.740590302345	0.733926217944775
S1_54826620	1	90	110.820573475585	0.2646942644199
S1_55032126	1	91	112.225998892986	0.441500395985898
S1_55087219	1	92	112.602771846189	0.516014282587012
S1_55278866	1	93	113.913417593605	0.361976184219051
S1_55522436	1	94	115.579157128784	0.625340540904812
S1_55534315	1	95	115.660395868934	0.647206739681988
S1_55555614	1	96	115.806056608597	0.652855132948251
S1_55948577	1	97	118.493472977453	1.18565009587352
S1_56700495	1	98	123.635729986987	1.50761488131728
S1_57171506	1	99	125.849603528204	1.22707778665861
S1_57899205	1	100	129.061796635808	0.0930277600051514
S1_58059874	1	101	129.800346760142	0.133118469089943
S1_58064651	1	102	129.822305283217	0.133118469089631
S1_58535343	1	103	131.985943789234	0.0545230508322764
S1_58566177	1	104	132.127678999721	0.0545230508321176
S1_59638668	1	105	135.562080661405	0.216248952888012
S1_60059960	1	106	136.536409394232	0.232031044084933
S1_60455872	1	107	137.37516748393	0.209698191252771
S1_60488338	1	108	137.431283415059	0.209698191253408
S1_60492502	1	109	137.438480690277	0.209698191253188
S1_61358374	1	110	138.93509910704	0.0605623976142544
S1_61387518	1	111	138.985473119756	0.0605623976090666
S1_62006301	1	112	140.055009995622	0.163733480243465
S1_62139027	1	113	140.284420550511	0.080405621668703
S1_62314870	1	114	140.588356781569	0.0804056216686843
S1_62807239	1	115	141.439393093222	4.36809812157145e-06
S1_63726977	1	116	143.094311249966	0.295415976505602
S1_63860710	1	117	143.510675289836	0.0306445389745854
S1_63926817	1	118	143.716492684074	0.030644538974771
S1_64118447	1	119	144.298632531053	0.0308227320456951
S1_64241693	1	120	144.648745530344	0.240593195435771
S1_64264160	1	121	144.712569011472	0.0308227320453765
S1_64442291	1	122	145.218597431679	0.015507537004014
S1_65062431	1	123	146.980269821701	0.0468636175215919
S1_65208402	1	124	147.39493921965	0.0468636175206252
S1_65506707	1	125	148.242353807171	0.0431932260271244
S1_65620854	1	126	148.566618680109	0.0644462271937647
S1_65753016	1	127	148.942059945646	0.385142403043769
S1_65764405	1	128	148.974413425263	0.385141902407767
S1_65924556	1	129	149.429364879668	0.419403359231648
S1_66067142	1	130	149.834418286001	0.266833119156465
S1_66256472	1	131	150.372260440358	0.266833119155755
S1_66257501	1	132	150.375183588178	0.266833119156161
S1_66353620	1	133	150.648235138565	0.30372792407089
S1_66633038	1	134	151.441996185869	0.081241795928746
S1_67379507	1	135	153.562539655581	0.811429857244436
S1_67741885	1	136	154.59197061851	0.12310265357344
S1_67742231	1	137	154.592953523414	0.157318981970659
S1_68199054	1	138	156.05479506416	0.0970268614510859
S1_68248809	1	139	156.358415576162	0.0970268614503369
S1_68332651	1	140	156.870045582539	0.404488658319194
S1_68409002	1	141	157.335963172969	0.0646998069239557
S1_68468156	1	142	157.696939311387	0.217184306674909
S1_69322581	1	143	162.952476679979	0.537734412077928
S1_69574118	1	144	164.534242450208	0.999797964377477
S1_69661822	1	145	164.923377735423	0.999797964378208
S1_70494660	1	146	168.219022339763	0.936648363478332
S1_70775581	1	147	169.330662031871	0.376784973969765
S1_71291891	1	148	171.373765571415	0.24746755400424
S1_71451508	1	149	172.005390094804	0.697535900046173
S1_71500355	1	150	172.198683810975	0.624781415883901
S1_72238937	1	151	174.775493909356	0.96919930512556
S1_72456822	1	152	175.512063691773	0.735486122088902
S1_72799309	1	153	176.669855990786	0.604699395301015
S2_239937	2	1	0.735646556753299	0.242953785486626
S2_320245	2	2	1.07208719776142	0.242953785510109
S2_359530	2	3	1.23666694799806	0.242953785510355
S2_887548	2	4	3.93557050786034	0.287439237872871
S2_1015542	2	5	4.66523501918148	0.624694144342222
S2_1595777	2	6	7.32190313958623	0.843676318240361
S2_1615180	2	7	7.3993825160925	0.843676318239413
S2_1815372	2	8	8.1987821626184	1.17275362882668
S2_1923802	2	9	8.89256898088145	1.08630921515512
S2_2350151	2	10	11.6217556238081	0.950357293827126
S2_2723024	2	11	13.7964416906074	1.20821762086076
S2_2801214	2	12	14.2488894096407	1.20756818625744
S2_3136499	2	13	16.1890215681788	0.0652704903741762
S2_4146385	2	14	22.0327434914899	0.327011803013171
S2_4207191	2	15	22.3845984090438	0.598938043648209
S2_4280985	2	16	22.8116086018862	0.454215444966581
S2_4350340	2	17	23.2129324483315	0.0552818548429826
S2_4393023	2	18	23.4599183287701	0.251007104911205
S2_4717399	2	19	25.336925379661	0.584055611114639
S2_5597192	2	20	30.4278620220896	0.628327033355588
S2_5838483	2	21	31.8240963560616	0.447290869836009
S2_6020304	2	22	32.8762065584195	0.910330494894706
S2_6054309	2	23	33.0729770493483	0.910330494894707
S2_6459292	2	24	35.4164178294644	0.0805576684116108
S2_6459752	2	25	35.4190796270185	0.0805576684094266
S2_7044197	2	26	38.800980217253	0.159100787431623
S2_7131612	2	27	39.306808550279	0.108950167858512
S2_7423160	2	28	40.9938558400696	0.10392815436817
S2_7450840	2	29	41.1540266146296	0.108950168153114
S2_7741515	2	30	42.8360222755838	0.209029666333501
S2_8407965	2	31	46.5535167414314	1.10985039010042
S2_8507799	2	32	47.0154209477906	0.818630300008366
S2_8729624	2	33	48.0417436492313	0.845741709439168
S2_9316003	2	34	50.8160576264976	0.447434740516537
S2_9368890	2	35	51.1572343935483	0.698816602623997
S2_9509890	2	36	52.0668326720316	0.496310540353189
S2_9510658	2	37	52.0717870796761	0.496310540353188
S2_11554727	2	38	60.7031085893071	1.08055335221049
S2_11825062	2	39	61.2359047122824	0.836072587125439
S2_12090562	2	40	61.759171661253	0.836072587107857
S2_14136059	2	41	65.7905877603806	1.01020135389346
S2_14902498	2	42	67.3011421750775	0.138298226889144
S2_15573601	2	43	68.6238013813109	0.852730259362865
S2_16399296	2	44	70.251141883873	0.85102940053014
S2_16864878	2	45	71.1687451706361	0.470409107580673
S2_17223726	2	46	71.8759892312922	0.4704091075806
S2_20216806	2	47	73.1948640227334	0.869559428753331
S2_20555295	2	48	73.2353058609067	0.86955942875335
S2_23343839	2	49	73.5684742805223	0.488517666339671
S2_29154435	2	50	74.2627100847071	0.488517666338973
S2_29752235	2	51	74.3341337671903	0.488517666339163
S2_40902628	2	52	75.6663554620615	0.869534913046514
S2_42423541	2	53	75.8480704289341	0.590296892780047
S2_45960074	2	54	76.2706067455669	0.723503311359736
S2_50031531	2	55	76.7570544739236	0.997616413466495
S2_54252728	2	56	78.1344256239858	0.95826673077757
S2_54979337	2	57	78.9764125262421	1.0485690732385
S2_56210301	2	58	82.2847570254369	1.38903477615117
S2_56718054	2	59	83.8562709505373	0.729662362414423
S2_56723114	2	60	83.8886126986803	0.729662362414445
S2_57129839	2	61	86.4882564760397	1.93621984676186
S2_57414700	2	62	88.3089882384403	2.49899135677049
S2_57818206	2	63	90.888057294995	3.23408659446627
S2_58167537	2	64	93.1208587219758	1.0100032057855
S2_58651554	2	65	96.2145258980436	0.89657125330935
S2_58830631	2	66	97.3591233747618	2.1835852914781
S2_59002688	2	67	98.458851469669	1.24779080754836
S2_60825062	2	68	110.243708489891	1.23493957464063
S2_60958217	2	69	111.164272011999	1.18532781565063
S2_60999158	2	70	111.447316517714	1.12162694866153
S2_61043915	2	71	111.756742837109	1.1216269486189
S2_61306680	2	72	113.573361618879	1.20993106365587
S2_61701783	2	73	116.184148550783	1.0145047163793
S2_61930266	2	74	117.637077772286	0.857874909735182
S2_62339499	2	75	120.010450974957	1.22137018648341
S2_62934973	2	76	121.827258287951	0.800158831537478
S2_63376716	2	77	123.175028153409	0.884634574718048
S2_64179959	2	78	124.978010221978	0.694170221966427
S2_64799664	2	79	125.87017973787	0.602745381149664
S2_65204747	2	80	126.685845120311	0.528805123480479
S2_65791761	2	81	128.304221514799	0.521088258777772
S2_66037597	2	82	128.981982486966	0.955622625112334
S2_66550632	2	83	130.396401450647	0.613650384879821
S2_66599932	2	84	130.532319769883	0.505587132758383
S2_66677916	2	85	130.747318841026	1.19705761746341
S2_67097571	2	86	131.904292517682	0.909009023008098
S2_67651093	2	87	133.430332677934	0.812423549721497
S2_67692237	2	88	133.543765199773	0.812423549721488
S2_67721219	2	89	133.623667526915	0.812423549721498
S2_67804684	2	90	133.853777517078	0.812423549720441
S2_67815023	2	91	133.882281766624	0.812423549721502
S2_67953532	2	92	134.264146076545	0.784536546438264
S2_68175602	2	93	134.907656975018	1.43835320083718
S2_68204910	2	94	134.992836536967	1.43925427753573
S2_68384967	2	95	135.516146772596	1.56129980018561
S2_68532720	2	96	135.945569995493	0.732452815252856
S2_68803538	2	97	136.732664256714	0.875786367283182
S2_69513053	2	98	138.897301551731	1.0774052466267
S2_69756905	2	99	140.36713940027	0.968019516262478
S2_69775924	2	100	140.481777976297	1.39322867933446
S2_70071595	2	101	142.263959080063	1.17503228963202
S2_70207058	2	102	143.080473377574	1.20369790734559
S2_70884528	2	103	146.953174906009	1.23416892209312
S2_71087273	2	104	147.468845567306	1.23416892209312
S2_71257152	2	105	147.90092338067	1.12771624202916
S2_71292499	2	106	147.990826514482	0.986773929619135
S2_71441038	2	107	148.368627221569	0.986773929617965
S2_71657677	2	108	148.91963650117	1.03802788739535
S2_71761150	2	109	149.182814337055	1.03802788739532
S2_71812245	2	110	149.312771635331	1.03802788739522
S2_71991333	2	111	149.768272029374	0.665744844398127
S2_72423328	2	112	150.867027349243	1.0279771838639
S2_72584775	2	113	151.277658838328	0.944098218175636
S2_72685975	2	114	151.535055424795	0.837784799272106
S2_73821791	2	115	155.565063087256	0.737689731547139
S2_73952422	2	116	156.084578511618	0.737689731521693
S2_74413458	2	117	157.982287362396	1.00153491956915
S2_74644690	2	118	159.171636057225	0.512226710222458
S2_74738945	2	119	159.656439463462	0.64340913167801
S2_74819567	2	120	160.071121127221	0.871783635907309
S2_74853165	2	121	160.243933443202	0.912421358009628
S2_74981707	2	122	160.905093057488	0.752313868593927
S2_75280978	2	123	162.444402379944	0.792708356609863
S2_75861837	2	124	165.432067986475	0.688755278871631
S2_76696934	2	125	169.727414335618	1.18719679434346
S2_76842190	2	126	170.474542907857	1.13370264173177
S3_864344	3	1	3.31696827041796	0.475360724211986
S3_1188268	3	2	4.67554346256635	0.424694907140089
S3_1612815	3	3	6.75569352219175	1.12338968374328
S3_1925604	3	4	8.28826366636935	0.522076771070723
S3_2053526	3	5	8.91504222310724	0.544369399597558
S3_2279295	3	6	10.0212410628389	0.787507419532066
S3_2480144	3	7	11.0053395474018	0.756002101578587
S3_2511972	3	8	11.1612869833694	0.6835997395863
S3_2701286	3	9	12.088867506581	0.708869498042565
S3_2877263	3	10	12.9511008212498	0.731094869789978
S3_2965312	3	11	13.3825139100244	0.838094050399726
S3_4558141	3	12	20.4353520819623	0.440869401209452
S3_5102377	3	13	22.4095882230113	0.272790287222751
S3_5224331	3	14	22.8519808511092	0.35433812888011
S3_5604744	3	15	24.231943023999	0.39564827594376
S3_6188219	3	16	26.3485200832133	0.387014536414989
S3_6642629	3	17	27.9969090998422	0.56997659189007
S3_6779771	3	18	28.6059695479593	0.00231351950045711
S3_6931291	3	19	29.7566132267876	0.247453872595423
S3_7330931	3	20	32.7914814937288	0.158520488111625
S3_7433944	3	21	33.449192928792	0.294875379720298
S3_7508911	3	22	33.7664788390385	0.290330758752672
S3_7657299	3	23	34.3945074602939	0.249271024578341
S3_7692949	3	24	34.5453904181325	0.249271024626598
S3_7707914	3	25	34.6087274016964	0.267026687582316
S3_7874841	3	26	35.3152193933689	0.243657363734506
S3_7948040	3	27	35.6250225246685	0.782671408166604
S3_7960292	3	28	35.676877167009	0.782671408211369
S3_8005248	3	29	35.8671462905038	0.782671408241169
S3_8084317	3	30	36.2017932636691	0.31992109288402
S3_8200765	3	31	36.6946409123196	0.499427491499538
S3_8326061	3	32	37.2249363144331	0.817012107478191
S3_8410783	3	33	37.5835087114598	0.531424267516993
S3_8713533	3	34	38.8766875768691	0.187231537402071
S3_8723362	3	35	38.9186742466086	0.911859199312711
S3_9620617	3	36	42.7928335903196	0.338185834176644
S3_9777799	3	37	43.9337069374243	0.732752006434739
S3_10231153	3	38	47.2242840735043	0.211070142648088
S3_10413437	3	39	48.0593376048902	0.187231537402119
S3_10949549	3	40	49.7295360864486	0.812265713973521
S3_11372208	3	41	51.1297430104398	0.112174434574161
S3_12324006	3	42	54.7941896049674	0.0263459056963626
S3_12335263	3	43	54.8375293423009	0.0263459042514842
S3_12384140	3	44	55.0257070398804	0.0249173272093787
S3_12469475	3	45	55.3542489680458	0.170068668647016
S3_14161518	3	46	61.5582322526163	0.271202881447263
S3_14191041	3	47	61.5781295778393	0.271202881447263
S3_14961414	3	48	62.0973302730262	0.1989813245103
S3_15625725	3	49	62.5450494078093	0.221711764596005
S3_17369070	3	50	63.719994448654	0.0922546047092247
S3_21015030	3	51	66.1772261618937	0.0922546026395921
S3_21341323	3	52	66.3971346379626	0.0922546026390341
S3_21677918	3	53	66.6239862513972	0.0922546026391681
S3_22847214	3	54	67.4120451476452	0.0922546026390325
S3_23458101	3	55	67.8237586358913	0.0922546026394293
S3_25861668	3	56	69.4436669885053	0.0929007342608228
S3_27331335	3	57	70.3939934519149	0.0922546026390633
S3_33291164	3	58	70.5507951888854	0.150139172655758
S3_42069336	3	59	70.7817468851548	0.0557198313696485
S3_45964617	3	60	71.3349945560812	0.0861396544937272
S3_46902618	3	61	71.6468138257904	0.0922546026390347
S3_50671111	3	62	76.3910047234453	0.173635186179513
S3_51446043	3	63	78.129846963293	0.148468803366261
S3_51849926	3	64	79.0361056032206	0.091670568383524
S3_51871058	3	65	79.0835229433388	0.0916705319271335
S3_51938185	3	66	79.234146821349	0.0747362647086132
S3_51968827	3	67	79.302903310839	0.0747362647086141
S3_52009954	3	68	79.3951867173807	0.0744126555975191
S3_52450636	3	69	80.3840173192149	0.0934962889602381
S3_53209811	3	70	82.5805270859545	0.124377672828983
S3_54110277	3	71	85.2255505944496	0.142731225918483
S3_54756995	3	72	87.1468199819469	0.0803109907982034
S3_56309648	3	73	95.9057281495205	0.0213243348056109
S3_56678699	3	74	98.3338463819833	0.0521255689129916
S3_57010955	3	75	100.519877178391	0.352267599078893
S3_57017145	3	76	100.56060339742	0.352267599077387
S3_57062382	3	77	100.858233764177	0.370727149230582
S3_57203763	3	78	101.788429817904	0.139951476516634
S3_57327496	3	79	102.602513381577	0.1477671741945
S3_57359897	3	80	102.815691123543	0.296452223115905
S3_57705954	3	81	105.092523624122	0.21646703103652
S3_57840534	3	82	105.919688282245	0.131232031607174
S3_57843483	3	83	105.935131370861	0.130696127342338
S3_58096479	3	84	107.260000698587	0.0151573002339275
S3_59243960	3	85	113.066584643171	0.118516655279901
S3_59243981	3	86	113.066682083039	0.118516655279904
S3_59302355	3	87	113.337537074961	0.118516655281649
S3_59569295	3	88	114.576136991768	0.175355862073027
S3_60275948	3	89	117.85500245596	0.190165935068824
S3_60868483	3	90	120.604361119724	0.247401857462279
S3_61327351	3	91	121.912921695737	0.280919153097572
S3_61402596	3	92	122.087487636297	0.227742293349305
S3_61405502	3	93	122.094229461312	0.227742293349306
S3_62404529	3	94	124.411939447354	0.181031876871378
S3_62407789	3	95	124.419502540798	0.181031876871392
S3_62441685	3	96	124.498140152882	0.181031876871378
S3_63071338	3	97	125.958914532194	0.0245946170920458
S3_63771409	3	98	127.58305636984	0.24594910605058
S3_64378003	3	99	128.990334622853	0.116535913276301
S3_64914217	3	100	130.249945899004	0.0529125806297189
S3_65138275	3	101	130.826913875448	0.167245020759427
S3_65707360	3	102	132.29235505976	0.0166472501263601
S3_65765669	3	103	132.442505582118	0.0166472501263587
S3_65903342	3	104	132.797025002183	0.115037803873526
S3_66117269	3	105	133.346858226029	0.0502126834147657
S3_66258910	3	106	133.709141362517	0.00870874934042458
S3_66773110	3	107	135.024339566302	0.00157770805024188
S3_66845101	3	108	135.2084749881	0.0013450472200592
S3_66881436	3	109	135.301411057206	0.018564445549416
S3_67211263	3	110	136.145028089411	0.00134413389418518
S3_67570498	3	111	137.063863613986	0.0617065323849494
S3_68072189	3	112	138.347066846298	0.303823055137386
S3_68200686	3	113	138.675730836169	0.0959652761331032
S3_68504510	3	114	139.452838535638	0.514335493308237
S3_69214403	3	115	141.816425135479	0.417201528537226
S3_69597851	3	116	143.347598637725	0.283293665139348
S3_69760827	3	117	143.998389703794	0.306335326843163
S3_69914381	3	118	144.611557111015	0.587905002942051
S3_70668638	3	119	147.683494151135	1.19339142853843
S3_70748393	3	120	148.084746636041	0.88420419553506
S3_70836082	3	121	148.525915580294	0.808920491163523
S3_70906601	3	122	148.880701160923	0.703172438907659
S3_71084325	3	123	149.774841924856	0.939341491198343
S3_71440989	3	124	151.569241226173	1.39953817989365
S3_71454022	3	125	151.634811079296	1.39953817989361
S3_71691801	3	126	152.831092373365	1.95103966234211
S3_71793128	3	127	153.340874964275	1.80074637425398
S3_71819433	3	128	153.473217094743	1.28418021092091
S3_71900772	3	129	153.88243878454	1.28929748342406
S3_72146437	3	130	155.143118261217	1.43661637440074
S3_72146643	3	131	155.144177415354	1.43661637440075
S3_72237591	3	132	155.611788825246	1.71764698526733
S3_72422287	3	133	156.561407914851	2.33950417699475
S3_72460418	3	134	156.757459402191	1.78179083942217
S3_72682468	3	135	157.899135014261	1.27600575389463
S3_72724091	3	136	158.113140706678	1.03414218323045
S3_72927543	3	137	159.159194237985	0.736496023798398
S3_73190988	3	138	160.451109704031	0.283790055165145
S3_73254172	3	139	160.684106070906	0.398032255734083
S3_73504795	3	140	161.608299671429	1.15480572060054
S3_73773897	3	141	162.600636154065	0.213307165300151
S4_518538	4	1	1.80595165981309	0.0571743735370405
S4_2281818	4	2	8.60105235882204	0.559003570700354
S4_2869689	4	3	10.7993243514	0.341945343394038
S4_3099564	4	4	11.6589139115141	0.422764181077691
S4_3130471	4	5	11.7744868730561	0.422764181078347
S4_3670902	4	6	13.7953627645712	0.290026610759129
S4_3831164	4	7	14.3946429911422	0.299527701615761
S4_4247711	4	8	15.9522697556745	0.328112058828591
S4_4558389	4	9	17.114012291214	0.258308591456091
S4_4630054	4	10	17.3819948287913	0.558761386675913
S4_4756226	4	11	17.8537996530598	0.335107074850391
S4_4933903	4	12	18.5182011507103	0.215390826236791
S4_5373498	4	13	20.0490110240812	0.734758978698476
S4_5469490	4	14	20.3729712672672	0.734758978698475
S4_6112868	4	15	22.544286515835	1.04466343299137
S4_6766267	4	16	25.5251455146263	0.557373758185209
S4_6791790	4	17	25.6818659851935	0.557373758274623
S4_7980358	4	18	32.3153019920216	0.465558606959854
S4_8759185	4	19	36.3712792983963	0.211417632607261
S4_9835711	4	20	41.8502721371714	0.0232634789909395
S4_10312807	4	21	44.2672132267112	0.194082003540542
S4_11075519	4	22	48.131068661016	0.0267811512684845
S4_12456643	4	23	55.1277639704498	0.00351409362000386
S4_13011269	4	24	57.9374676123313	0.00351409362000415
S4_13309050	4	25	59.304593572951	0.0504936354780197
S4_13908419	4	26	59.3432575015595	0.0504936354780225
S4_14707376	4	27	59.3947963973138	0.0504936354780197
S4_22685111	4	28	59.9094219059703	0.183604707330227
S4_34118738	4	29	60.6469791337628	0.334963189325132
S4_37902443	4	30	60.8910573226512	0.297699116792662
S4_39295508	4	31	60.9809207718904	0.29769911679266
S4_43108567	4	32	61.2268925204396	0.152374625591617
S4_43241984	4	33	61.235498947137	0.152374625591617
S4_47760831	4	34	61.8509215908057	0.0645794857074909
S4_47941778	4	35	62.0186205076324	0.0645959547986251
S4_48445544	4	36	62.7276490305737	0.0200390512530031
S4_50078008	4	37	66.4882222412775	0.0398950849999356
S4_50266230	4	38	67.7034143374689	0.0561476027833281
S4_50344117	4	39	68.2062655811921	0.0329704705924197
S4_50462556	4	40	68.9709271865349	0.22273848299257
S4_50524468	4	41	69.3706412107159	0.222738482992553
S4_51327034	4	42	74.5521389095608	0.204127951252808
S4_51377481	4	43	74.8778330137387	1.13122216729586
S4_51414196	4	44	75.1148710741762	0.271599297857742
S4_51702666	4	45	76.9772806967939	0.114490081794867
S4_52111692	4	46	79.3724372630659	0.0600689336362576
S4_52207331	4	47	79.7434346277421	0.0587014161552079
S4_52289086	4	48	80.0605739699467	0.192745933163017
S4_52519450	4	49	80.9541888855801	0.0695226608903579
S4_52814501	4	50	82.0987339293915	0.408891801511244
S4_53692248	4	51	85.5036401272025	0.623814153143369
S4_53777496	4	52	85.8343293161726	0.623814153040583
S4_54163366	4	53	87.3311742550324	1.13739929308108
S4_54584296	4	54	88.9640219501479	1.17511513285271
S4_54990006	4	55	90.5378290876418	0.515544128396825
S4_55719494	4	56	93.3093762241741	0.83276492054548
S4_55937022	4	57	93.967641468137	0.832764920547071
S4_56120807	4	58	94.5237964360571	0.83989418313395
S4_57094537	4	59	98.0416686747263	1.6436076131786
S4_57100335	4	60	98.0643079145414	0.446533519647421
S4_57153196	4	61	98.2707123394929	2.02283648079373
S4_57231239	4	62	98.575444004359	0.446533519646131
S4_57344604	4	63	98.9278842768727	0.340052217876576
S4_57430384	4	64	99.1225010308247	0.294043756386787
S4_57516330	4	65	99.3174944038156	1.72122205398082
S4_58123182	4	66	102.785390755746	1.33187948428193
S4_58236768	4	67	103.325120762446	1.55907192241677
S4_58274949	4	68	103.506546566557	1.49226254241107
S4_58824987	4	69	105.560814678071	1.44309452245563
S4_59050365	4	70	106.09565182041	0.0189713075469453
S4_59440407	4	71	107.021247702315	0.081497309677878
S4_59587518	4	72	107.370351993092	0.0814973096778908
S4_59943473	4	73	108.215057132907	0.0244361776032644
S4_60082334	4	74	108.544583619175	0.10982236357528
S4_60660427	4	75	109.98145965729	0.375390536523947
S4_60665543	4	76	110.00054519656	0.375390536541044
S4_61113510	4	77	111.671712469866	1.19808626800426
S4_61704639	4	78	113.748426985096	0.48600763110606
S4_61744542	4	79	113.868908534165	0.486007631106212
S4_62202164	4	80	115.603634137858	0.739918785862359
S4_62252006	4	81	115.87273964812	0.668705075469484
S4_62527347	4	82	117.359352952177	0.629097706668314
S4_62958009	4	83	119.684570986367	1.09566196591524
S4_63984116	4	84	125.224698746441	0.568896073998498
S4_63984534	4	85	125.226955600165	0.568896073998759
S4_64008481	4	86	125.356249562169	0.567034894886912
S4_64052036	4	87	125.59141048066	0.567034894886475
S4_64277272	4	88	126.807498292329	0.390396907082923
S4_64341842	4	89	127.15612280173	0.567034894940492
S4_64361203	4	90	127.260656162834	0.580405300746432
S4_64704717	4	91	129.115347191522	0.319198416681558
S4_64798089	4	92	129.619478640985	0.89670241423893
S4_65429659	4	93	133.029433440464	0.253590625915217
S4_65543651	4	94	133.64489580806	0.283259274581557
S4_65768490	4	95	134.858840148608	0.458109238165429
S4_65871492	4	96	135.414965620458	1.05614191868509
S4_65897797	4	97	135.556990829066	1.06018736653664
S4_65941925	4	98	135.795245472876	0.531673067593707
S4_66339784	4	99	137.943354481484	1.33948633753024
S4_66397257	4	100	138.253661070129	1.17616505652623
S4_66582434	4	101	139.253463467176	0.522311335177647
S4_66583792	4	102	139.260795542192	0.357767462039711
S4_66633118	4	103	139.527115079914	0.740141380724651
S4_66633201	4	104	139.527563211156	0.740141380724702
S4_66634253	4	105	139.533243139666	0.585244528614116
S4_66758323	4	106	140.203118358519	0.807617705602952
S4_67319239	4	107	142.480827323262	0.283141486269708
S4_67620601	4	108	143.643245182482	0.187959810058434
S5_49840	5	1	0.0433299622980599	0.0424845198767378
S5_345243	5	2	1.14562076945735	0.281777143442694
S5_459688	5	3	1.57267016105238	0.336735892139067
S5_917154	5	4	3.27969604226527	0.0880026010986443
S5_1481646	5	5	5.3860874543869	0.299052783667066
S5_1734280	5	6	6.72370269933511	0.0900414669602002
S5_1858785	5	7	7.52586734483331	0.6543220070146
S5_2300662	5	8	10.3728060786898	0.294681798037627
S5_2802165	5	9	13.6111765606606	0.526993934986617
S5_3786904	5	10	21.295115989223	0.564903947666024
S5_3861674	5	11	21.8077013748465	0.348663934078069
S5_3861704	5	12	21.8079070397063	0.348663934078289
S5_4369862	5	13	25.2915818342449	0.282134895624809
S5_5263658	5	14	31.1649032537057	0.351437250355615
S5_5299509	5	15	31.3671212881735	0.472056358655044
S5_5900206	5	16	34.7553605744063	0.00409561425791831
S5_5943525	5	17	34.9997019605633	0.0384222588236624
S5_6289811	5	18	36.9529326733393	0.235941113882331
S5_6485690	5	19	38.0577907351375	0.165780490514599
S5_7930582	5	20	44.7359578177105	0.808983737729044
S5_7945929	5	21	44.7773833505443	0.808983738846035
S5_8759638	5	22	46.9737949551999	0.783319027821674
S5_8781211	5	23	47.0320260765802	0.781462619707481
S5_8787464	5	24	47.0489045451285	0.781462619697273
S5_10266276	5	25	51.7719521312062	0.0830679096769889
S5_10470994	5	26	52.4526196152072	0.427608106374353
S5_10862708	5	27	53.7550306529664	0.0717282669929635
S5_12792819	5	28	58.073187281949	0.994343154921857
S5_13296375	5	29	58.4394857249851	0.981854913717832
S5_13493896	5	30	58.5831671323498	0.812624464479917
S5_13543390	5	31	58.6191702286085	1.27360470468069
S5_13707271	5	32	58.7383811110986	0.579617200235847
S5_14661383	5	33	59.4324245542946	0.0406645555211528
S5_14989664	5	34	59.6712238520457	0.0406645555211461
S5_15878079	5	35	60.3174777568148	0.283455289423344
S5_16004923	5	36	60.409747056969	0.283455289423345
S5_16021128	5	37	60.4215349539843	0.283455289423822
S5_16214960	5	38	60.5625328962401	0.28345528942358
S5_16246011	5	39	60.5851201218013	0.283455289423349
S5_16980708	5	40	61.1195559486076	0.283455289424062
S5_18712356	5	41	62.3791973118056	0.0710370579145719
S5_21863930	5	42	63.8327522465153	0.0403468777327176
S5_28352926	5	43	64.9079225643588	0.0403468777327168
S5_28353057	5	44	64.9079442699218	0.0403468777327168
S5_35903834	5	45	66.1590424840454	0.133766610010853
S5_37141659	5	46	66.3641393432027	0.263889515460778
S5_37502889	5	47	66.4239920190118	0.133766610013476
S5_41916021	5	48	67.1552096889141	0.620489860957607
S5_42226572	5	49	67.2066652942768	0.620489860957645
S5_42618226	5	50	67.2715589628297	0.625645652624131
S5_44201943	5	51	67.5339671243178	0.902903679584711
S5_44231973	5	52	67.5389428346812	0.902903679584713
S5_45485115	5	53	67.7465775877991	0.476339153482498
S5_45546494	5	54	67.7567475553778	0.476339153482158
S5_46962407	5	55	69.4854634740737	0.589967881723738
S5_48233445	5	56	71.0319732107079	0.184139474985007
S5_48514677	5	57	71.3741565492494	0.544563353846839
S5_48598461	5	58	71.6075267964736	0.544563353839108
S5_48926942	5	59	72.5856037566748	0.446114445059198
S5_49363745	5	60	73.8862176443783	0.50951216876422
S5_49637325	5	61	74.7008227349979	0.448648245037097
S5_49653682	5	62	74.7495269365743	0.544563353836259
S5_51033201	5	63	77.6741701311875	0.52597771186623
S5_52255873	5	64	79.956969672638	0.477800172238788
S5_52796420	5	65	80.966202274458	0.994965503218246
S5_52909729	5	66	81.1777567496094	0.109511042293893
S5_53090793	5	67	82.2413208430226	0.373793259565505
S5_54550186	5	68	90.9469655606608	0.301200180597206
S5_54691715	5	69	91.7912214884628	0.691642266559776
S5_55104233	5	70	94.2519946644549	1.70652108638852
S5_55391137	5	71	95.7888209315959	0.283966955666072
S5_56233367	5	72	100.126518229866	3.25517656597578
S5_56607552	5	73	101.841110558449	2.41235926721599
S5_57661227	5	74	106.61552799734	1.6531905393987
S5_57661235	5	75	106.61556424698	1.65319053939905
S5_57972699	5	76	108.194219363781	2.04327760827248
S5_59361368	5	77	115.820010865608	1.22924842071533
S5_59499442	5	78	116.342879124343	1.11239076412225
S5_60002171	5	79	118.241164863492	0.295518142855545
S5_60002211	5	80	118.241314858641	0.295518142855538
S5_60061479	5	81	118.463562669573	0.729140692138579
S5_60541308	5	82	120.262863217453	0.287212305034855
S5_60991921	5	83	121.681094709083	0.376517436284203
S5_61065360	5	84	121.89242850131	0.235385155911895
S5_61160767	5	85	122.166979123119	0.591146636820539
S5_61549469	5	86	123.285446490523	0.497915550113574
S5_61919347	5	87	123.963928381568	0.101797190731116
S5_61995161	5	88	124.10299700984	0.191637783371713
S6_369079	6	1	1.20941791729912	0.0751463567762846
S6_527716	6	2	1.78415925805342	0.257127666140824
S6_928913	6	3	3.23769469862911	0.170464072447007
S6_942247	6	4	3.28600373774116	0.415297616051229
S6_1007644	6	5	3.52293685839592	0.374504052258077
S6_1279029	6	6	4.50616384050355	0.31873995403041
S6_1403090	6	7	4.95563644446933	0.0749056780513661
S6_1486805	6	8	5.25893562020542	0.0440108332716277
S6_3223338	6	9	18.4027574103496	1.11194440166062
S6_3407573	6	10	20.0470027852906	0.435373591798248
S6_3421278	6	11	20.1693160420744	0.435380724286575
S6_5889011	6	12	26.0162439330683	0.330215151812983
S6_6419191	6	13	26.118946332685	0.388133065426631
S6_6699671	6	14	26.1732787651503	0.326264440530801
S6_8171399	6	15	26.4583706154334	0.723194613067433
S6_8839311	6	16	26.5877534007757	0.471348624343483
S6_11167724	6	17	27.038795692825	0.0455894345486297
S6_14120923	6	18	27.6108667325579	0.312748383446445
S6_15061276	6	19	27.7930246969978	0.312748383446449
S6_16687852	6	20	28.1081125131337	0.163111531555126
S6_17960117	6	21	28.3545659222557	0.163111531557388
S6_28189066	6	22	30.3360393989179	0.138564708008667
S6_30900072	6	23	30.8611946699112	0.55462005686369
S6_32718590	6	24	31.3025266260757	0.0770100263249662
S6_35253189	6	25	32.7498078238791	0.312748383448222
S6_36754317	6	26	33.6069668182195	0.540645444278024
S6_38144090	6	27	34.4005410017944	0.205040677845095
S6_40426219	6	28	36.4581192153707	1.05827938330531
S6_40947369	6	29	38.4075033936427	1.55163191104308
S6_41868861	6	30	41.8543841865128	0.721070914902774
S6_42525843	6	31	44.3118538520784	1.02896247013143
S6_42622674	6	32	44.674054407324	1.06287733688864
S6_44127668	6	33	50.3035497387916	0.425240140653715
S6_44894798	6	34	53.1730327756866	1.14777072588636
S6_44975837	6	35	53.476162670003	1.1477707258611
S6_46166183	6	36	57.9287035105852	0.563352580878051
S6_46462832	6	37	59.0383319613196	0.67492432023315
S6_46927192	6	38	60.7752906815007	0.261776010788208
S6_47967987	6	39	64.7317246366656	0.485135050188375
S6_48008108	6	40	64.8842982523126	0.579030477185791
S6_48236765	6	41	65.753843508737	0.0387698079605689
S6_48327466	6	42	66.098764610225	0.484523313363605
S6_48534056	6	43	66.8552645526748	0.522568736240476
S6_48603072	6	44	67.0824352795871	0.522568736234344
S6_48720644	6	45	67.4694312907227	0.535272366555277
S6_49804958	6	46	71.0385225098773	0.718064484900636
S6_49828938	6	47	71.0835793201242	0.718084755346315
S6_49865663	6	48	71.1221014526788	0.391851321949402
S6_50776134	6	49	73.1691141819168	0.786131861823158
S6_50782316	6	50	73.1984859693523	0.269520891582228
S6_51031448	6	51	74.3821566499404	0.446439294164509
S6_51064862	6	52	74.5409125388714	0.247302199791928
S6_51271365	6	53	75.5220452177463	0.44644380493612
S6_51301819	6	54	75.6667376173844	0.446443804933779
S6_51455982	6	55	76.3991935970718	0.313960092378878
S6_51867661	6	56	78.3551541405339	0.670681082757875
S6_51977651	6	57	78.8777362984176	1.53492655004233
S6_52159683	6	58	79.7426028805058	0.773087414134161
S6_52347746	6	59	80.6361238220285	0.379667139016269
S6_52393824	6	60	80.8550486394752	0.37765914979605
S6_52444694	6	61	81.0766501722823	0.383981020634546
S6_52724189	6	62	81.5271474976278	0.746285374641395
S6_53057882	6	63	83.2246363481864	0.828306263568846
S6_53415136	6	64	85.0419794803991	0.150780901587241
S6_53812892	6	65	87.065355383528	0.713436805837411
S6_54717049	6	66	91.0612310300988	1.15901346075939
S6_55196124	6	67	92.7968628764748	0.319675610308757
S6_55376993	6	68	93.471357943998	0.692976873167534
S6_55977131	6	69	96.725929286552	0.019134515741779
S6_56180907	6	70	97.8465472392174	0.0311093670468788
S6_56365681	6	71	98.8626681837142	0.489609070624152
S6_56404360	6	72	99.0753742030253	0.489609070624198
S6_56467292	6	73	99.4214538640116	0.610798354882364
S6_56854221	6	74	101.241230557938	1.01929840354946
S6_57963392	6	75	104.583898612574	1.18424501781711
S6_58065851	6	76	104.892675551576	1.18424501781683
S6_58208536	6	77	105.322680114782	0.0222665477446927
S6_58288835	6	78	105.564674272689	0.774405383821323
S6_59240106	6	79	108.492372168435	0.440581621955103
S6_59368446	6	80	108.919076656532	1.01273894177173
S6_59403831	6	81	109.038690831461	1.01273894177171
S6_59417396	6	82	109.084545467122	1.01273894177173
S6_59503896	6	83	109.376946940382	0.854328603389377
S6_59667751	6	84	109.930836459467	0.851456972459485
S6_59686464	6	85	109.994093208243	0.851435404340738
S6_60268198	6	86	111.960565793733	0.497119968235213
S6_60456267	6	87	112.596307443148	0.85862212390781
S6_60971505	6	88	114.337999353889	0.738870968012363
S6_61087380	6	89	114.729699015321	0.368641642073971
S6_61542271	6	90	115.954878090868	0.978273818829935
S6_61647254	6	91	116.151244015758	0.978273818829793
S7_399345	7	1	1.97746248046952	0.712798916886181
S7_403142	7	2	1.99727896152337	0.712798916883552
S7_408881	7	3	2.02723070889447	0.71279891688613
S7_1289088	7	4	7.74829175112722	0.862977623140361
S7_2726298	7	5	16.8385141647093	0.770473223135279
S7_2901548	7	6	17.9377325683867	0.734703942752681
S7_3280151	7	7	20.2790755773935	0.824081067660543
S7_3552077	7	8	21.9595184959759	1.04563754891407
S7_4227535	7	9	27.5354084038375	1.70160960330253
S7_4467133	7	10	29.851790876917	0.889264388657923
S7_5265050	7	11	37.4456627397542	1.10845982528442
S7_5430210	7	12	38.1521323696939	1.83567555495367
S7_5494512	7	13	38.4271832908878	1.83567555495368
S7_7599670	7	14	50.173649339614	0.349090184990882
S7_7688367	7	15	50.4553919564882	0.818260768753144
S7_9512280	7	16	54.4583097445639	0.206581696335158
S7_9883894	7	17	54.5306551229018	0.206581696335171
S7_10305618	7	18	54.6127558573579	0.206581696335166
S7_14364334	7	19	55.4029019352399	0.0489209338113368
S7_21104817	7	20	56.7151312721731	0.26635552683644
S7_23504604	7	21	57.1823189950397	0.174286927773647
S7_24148899	7	22	57.3077495911319	0.174286927779346
S7_27475127	7	23	57.9552957629609	0.197181293327479
S7_37560437	7	24	59.9186921032626	0.723836290440519
S7_38842116	7	25	60.1682078700602	0.691335646309111
S7_45933121	7	26	61.5486764194712	0.26635552683644
S7_48708075	7	27	62.0889012145549	0.906589691140636
S7_48844393	7	28	62.1154394431584	0.691335646308374
S7_50424641	7	29	62.423080273234	0.739878025821215
S7_51026356	7	30	62.5402214447899	1.61580553929986
S7_51615093	7	31	62.7147955303256	1.61580553929813
S7_53460089	7	32	67.7854318823755	1.43298974029129
S7_53572239	7	33	68.3043820135836	1.31023415392562
S7_54194222	7	34	71.4937650481513	1.33213573195638
S7_55181547	7	35	76.5565362245413	0.477377319502151
S7_55694037	7	36	79.1844648196727	0.299055951342967
S7_55708139	7	37	79.2567765702406	0.201434940167662
S7_55934608	7	38	80.4180565191388	0.222437323410784
S7_56281258	7	39	82.1846166761183	1.30661315796366
S7_57072685	7	40	86.1138381132587	1.09443026998779
S7_57406105	7	41	87.7691784182665	0.616429680522531
S7_57504955	7	42	88.4390714027729	0.538528555971279
S7_58118739	7	43	94.0896811859126	0.219570886133971
S7_58132748	7	44	94.2186506482186	0.219570886133889
S7_58409460	7	45	96.5250506439316	0.259770742718823
S7_58487675	7	46	96.9632576537221	0.270807590939809
S7_58963078	7	47	99.6267483789721	0.218854361800349
S7_59892688	7	48	104.560061084717	0.131618347957671
S7_59993072	7	49	105.057635890317	0.190892421517046
S7_60889808	7	50	109.50250002081	0.486212959729306
S7_60906686	7	51	109.586159444313	0.486212959729146
S7_61038476	7	52	110.239404818378	0.665386715490804
S7_61671937	7	53	113.366366457414	0.164327520894366
S7_61855139	7	54	114.223204815667	0.245888545416684
S7_62142657	7	55	115.567930588793	2.37406846146766
S7_62316113	7	56	116.379186766505	1.24628746816602
S7_62743849	7	57	117.740297082161	2.38207134111886
S7_62823478	7	58	117.8565128542	2.7132385275993
S7_62860964	7	59	117.911222374986	2.71323852759931
S7_62860969	7	60	117.911229672313	2.7132385275993
S7_63120977	7	61	118.428621128466	3.11599843632176
S7_63243570	7	62	119.217757768038	2.84227962581391
S7_63368131	7	63	120.019562511878	2.18982153676527
S7_63374082	7	64	120.057869365794	2.18982153623388
S7_63509213	7	65	120.927713673723	2.8504990865902
S8_233905	8	1	1.1490389463646	0.107355847571432
S8_233906	8	2	1.14904485751488	0.107355847571432
S8_1243707	8	3	8.48222321761168	0.03832136137407
S8_1612776	8	4	11.8961098326929	0.0576018112019258
S8_2207897	8	5	17.3104475067984	0.0478201147727237
S8_2232010	8	6	17.5298246155472	0.0657976108335514
S8_2429224	8	7	19.3240533355235	0.376532208710757
S8_3039494	8	8	24.876214748709	0.021463268783499
S8_3100697	8	9	25.4330321163843	0.563839532440334
S8_3183985	8	10	26.1907760981979	0.557502446393999
S8_3804899	8	11	32.3316344285432	1.12636037301426
S8_4063351	8	12	34.4453944575826	1.2759779027655
S8_4070389	8	13	34.5029550223466	0.663642846236145
S8_4417685	8	14	37.079855312215	0.925674599376388
S8_4435101	8	15	37.1565883879939	0.618277805779432
S8_4702969	8	16	38.3367867999567	1.20423846222155
S8_5034188	8	17	39.796103096834	1.05858874329194
S8_5949257	8	18	45.1233735251337	2.31878258545832
S8_5986621	8	19	45.3535061015093	2.31916000714347
S8_6255034	8	20	46.0499988835164	0.986390891974367
S8_6436712	8	21	46.1341953332953	0.87822802011824
S8_6553881	8	22	46.1884958750459	1.25958108598932
S8_7285453	8	23	46.5275339817935	1.18597327253134
S8_14783702	8	24	50.0025058846031	0.897656794695852
S8_16417706	8	25	50.7597650779265	0.375900262230719
S8_19222897	8	26	52.0597965795497	0.941172180205109
S8_22340989	8	27	53.5048382273231	1.3551732184502
S8_28445861	8	28	56.3340665805358	1.35517321901578
S8_30482737	8	29	57.2780318809022	1.35517321902085
S8_36321800	8	30	59.9840743001037	1.12482310304367
S8_37433595	8	31	60.4993221115173	1.12544985811452
S8_40858184	8	32	62.0864060498702	1.15092117911522
S8_41887545	8	33	62.5634508309715	0.256586069466559
S8_43689202	8	34	64.9181711994692	1.42976338132032
S8_45039895	8	35	67.0631937784667	1.57304133956965
S8_45684129	8	36	69.6029136732715	0.16856366751795
S8_46220711	8	37	72.2647473242871	1.80393256260853
S8_46374664	8	38	73.0284652202933	1.25465767698775
S8_47197209	8	39	77.108881560153	0.892538310517908
S8_47361631	8	40	77.924533245389	0.608505038917075
S8_48507542	8	41	83.6090781255171	0.539357265694119
S8_49106777	8	42	86.5817158358136	0.522117061372844
S8_50249662	8	43	93.6738229314846	0.676927833275102
S8_50496373	8	44	94.9524828567851	0.760299695062814
S8_50593139	8	45	95.4540040955285	0.574916657713275
S8_50964116	8	46	97.7581927241406	0.513126832902897
S8_51052883	8	47	98.377148130195	0.329182613101912
S8_52062136	8	48	105.41447732265	0.321456981117211
S8_52062166	8	49	105.414686506944	0.321456981117213
S8_52150751	8	50	106.032372861618	0.976862255039993
S8_52280534	8	51	106.937325033753	0.99643337792718
S8_53145149	8	52	112.984392388424	0.16748715844089
S8_53614567	8	53	116.268642268343	0.450346191876514
S8_53736424	8	54	116.715097165492	0.476389030180491
S8_54227078	8	55	118.564575197249	0.470854041768519
S8_54339794	8	56	118.98944845993	0.761506911176915
S8_54779719	8	57	120.690634712663	0.93280411259078
S8_54801246	8	58	120.81788404465	0.825466335839295
S9_96179	9	1	0.324005954657828	0.361761262230367
S9_99030	9	2	0.337465680386074	0.393828052798542
S9_389710	9	3	1.70978173604595	0.19667856738532
S9_479331	9	4	2.1328873409183	0.278040563426015
S9_1155521	9	5	5.95092116796939	0.324440543221113
S9_1647684	9	6	9.10034143123171	0.217536345787702
S9_1837024	9	7	10.6071023973789	0.100782920036025
S9_1841125	9	8	10.6397380090942	0.0332751514062132
S9_2449300	9	9	15.5194793282577	0.227837484974432
S9_2752088	9	10	18.6406252957107	0.470710207467199
S9_2785659	9	11	18.9866759690312	0.470710207454773
S9_3590378	9	12	27.2817387250942	0.460300122503068
S9_3937831	9	13	30.863292583997	0.250520092348055
S9_4342954	9	14	34.3831258024373	0.469258750277841
S9_4541264	9	15	35.7549046513541	0.733727851058863
S9_5529122	9	16	41.4289428652526	0.360928871096803
S9_5547271	9	17	41.525046181477	1.00229153619354
S9_5625866	9	18	41.9412255929407	1.00229180675433
S9_6400516	9	19	45.7029243574927	0.345675721777225
S9_7874451	9	20	50.0396354265073	0.48457952442698
S9_8208950	9	21	50.5153645390358	0.123445861001491
S9_14034597	9	22	55.6927048279399	0.459437470436967
S9_14575197	9	23	55.8791163137508	0.459437470435385
S9_14629256	9	24	55.8944740906677	0.459437470435511
S9_16234849	9	25	56.3506116276788	0.31321287281936
S9_20015812	9	26	57.4247562897133	0.32961309829849
S9_22526102	9	27	58.1379118015917	0.329615017087148
S9_32347993	9	28	60.9282410877378	0.318355741226258
S9_33546229	9	29	61.2686514020566	1.66589432139233
S9_45080194	9	30	64.5453687190054	1.70305094481334
S9_45644040	9	31	64.7055533521556	1.22666073849667
S9_46854936	9	32	65.0495602823157	1.31043077321224
S9_47214745	9	33	65.217042483612	2.64291228596841
S9_47540673	9	34	66.132978586976	1.79191699718048
S9_48140198	9	35	67.8177880920486	0.657797434826768
S9_48267456	9	36	68.1754136923097	0.679293692346062
S9_48314468	9	37	68.3075287241307	2.92986060481713
S9_48406217	9	38	68.5694916738068	0.679293692346715
S9_48524781	9	39	68.9683781820431	2.75680916624096
S9_49084993	9	40	70.8531071769495	2.70034976296517
S9_49222871	9	41	71.3169720430354	2.8700353870782
S9_49461300	9	42	72.2169889009687	0.65376192904211
S9_49485954	9	43	72.4086227165122	0.653761929042112
S9_50223020	9	44	78.1377851196694	1.15680705193903
S9_50606758	9	45	81.1205537214808	2.98433108232879
S9_50876790	9	46	83.3392661490926	0.847684088689128
S9_51730696	9	47	89.5828485985823	1.68388841876484
S9_51904645	9	48	90.5542332889368	2.85559119213125
S9_51920335	9	49	90.6418510722621	2.85559119213142
S9_52380826	9	50	93.2140776164052	1.47716177443893
S9_52489596	9	51	93.8276788683904	1.71511058333197
S9_52502973	9	52	93.9031421758079	1.47788988422169
S9_52772232	9	53	95.4221056722524	0.140299328496823
S9_52946683	9	54	96.4062313687686	2.22031449485854
S9_53226719	9	55	97.9859908631229	0.165216292716335
S9_53277462	9	56	98.2722459732588	2.12140208018513
S9_53420701	9	57	99.0802962604069	2.13535652049504
S9_53502957	9	58	99.54432480305	2.13535652050957
S9_53793463	9	59	100.637631520982	2.03170156226977
S9_54018856	9	60	101.485859149874	0.252539763519492
S9_54303065	9	61	102.55543063692	0.132324422232097
S9_54575102	9	62	103.579194904137	0.650785116026659
S9_54618277	9	63	103.741676560078	1.06852987942601
S9_54879351	9	64	104.724183470166	0.620848312938994
S9_54895977	9	65	104.786752549764	0.620848368496245
S9_54909153	9	66	104.836338150197	0.641364799858759
S9_55101440	9	67	105.572343174048	0.587553519497951
S9_55759214	9	68	108.312707937891	0.997448475144565
S9_55971250	9	69	109.183219149969	0.0391767974848346
S9_56036164	9	70	109.386330302561	1.22494257699497
S9_56132930	9	71	109.689104030752	1.02092195985525
S9_56525939	9	72	110.918800413184	1.15298278584165
S9_56682664	9	73	111.409181461803	1.42490303363007
S9_57157025	9	74	112.902392790047	1.55827948612251
S9_57170536	9	75	112.945252062794	1.55827948293546
S9_57424528	9	76	113.750959442227	0.572453496281756
S9_57424615	9	77	113.751235421557	0.57245349628176
S9_57427041	9	78	113.758931121038	0.572453496281736
S9_57802149	9	79	115.573544264845	0.531070831235064
S9_57822468	9	80	115.695162894146	0.531071185762689
S9_58137624	9	81	117.568773713512	0.0424271475565295
S9_58259224	9	82	118.046460224654	0.381466134265691
S9_58436298	9	83	118.742067636446	0.743591114463133
S9_58923651	9	84	120.800257709595	0.464298648354185
S9_58939068	9	85	120.8730422033	0.0718306619907368
S10_131365	10	1	0.615291946684639	0.0103374877969354
S10_555074	10	2	2.87328235700551	0.0103374877970267
S10_581096	10	3	3.01195636784164	0.0869869662575135
S10_1896303	10	4	9.85000829860397	0.285766558347253
S10_1985624	10	5	10.3142442742583	0.28576655835156
S10_1989735	10	6	10.3356107401052	0.127881370160415
S10_2258152	10	7	11.7409677467602	0.00601983373091578
S10_3110410	10	8	18.3171863496983	0.505100306666307
S10_4463846	10	9	26.2577451564301	1.04397412197925
S10_4769413	10	10	27.3990956612645	0.963361953585433
S10_5146807	10	11	28.8087335882052	0.95768884497826
S10_5271525	10	12	29.2745788930383	1.00813456898312
S10_5327511	10	13	29.4836971857978	1.80467741320818
S10_5345757	10	14	29.5518494447499	1.37320473168388
S10_5902028	10	15	32.1569944976892	1.27792692904861
S10_6424105	10	16	37.3189798089644	1.24085877320936
S10_6852987	10	17	39.6156232282244	1.21152846106323
S10_7028061	10	18	40.1230713520997	2.01366222942933
S10_7058520	10	19	40.2113560911536	2.01366222942844
S10_7384807	10	20	41.1570917571857	1.47986010563171
S10_7510124	10	21	41.5203203150508	1.03296699956475
S10_7770284	10	22	43.0627558538752	1.47675494672372
S10_7916552	10	23	43.989358250255	1.85598834232603
S10_8424825	10	24	46.1761438460247	0.905226690223787
S10_8563457	10	25	46.76472090251	0.905173295524653
S10_8579550	10	26	46.835949737491	1.03348262412092
S10_10107466	10	27	53.5986214971918	1.01763492072706
S10_10682576	10	28	56.1441018480236	0.576275421625569
S10_12325742	10	29	61.6615548169048	0.860415054575406
S10_12889995	10	30	62.597486379869	0.637766315736343
S10_13070208	10	31	62.8964073156132	0.637766315811264
S10_14028036	10	32	64.48516529668	0.49491976229543
S10_14538372	10	33	64.7893449134665	0.494919762383602
S10_14637899	10	34	64.8455433287059	0.494919762372421
S10_16771240	10	35	66.0501449279217	1.10152741357224
S10_16771988	10	36	66.0505672898395	1.10152741357224
S10_17959228	10	37	66.7209482569015	1.1073821020582
S10_18187057	10	38	66.8495930341536	0.503246051505504
S10_18669714	10	39	67.1221277082037	0.503246051487396
S10_19965679	10	40	67.5252203555158	0.503246051505508
S10_20207357	10	41	67.5314693445199	0.503246051505473
S10_20434433	10	42	67.5373407743857	0.503246051505506
S10_21780445	10	43	67.5721441664502	0.503246051505508
S10_22217866	10	44	67.5834544181866	0.503246051505508
S10_27828649	10	45	67.728530599185	0.503246051505503
S10_28713094	10	46	67.7513994042882	0.50324605150551
S10_41790040	10	47	69.0253571820128	0.526600660974049
S10_41813717	10	48	69.033123911847	0.526600660974561
S10_44501613	10	49	69.9148302958728	1.72024294573859
S10_45883104	10	50	70.3679986603385	1.49522852683359
S10_46005183	10	51	70.408044046639	1.4952285268336
S10_46009213	10	52	70.4093660013306	1.49522852683359
S10_46758481	10	53	71.2793939927609	1.49852799406156
S10_48043561	10	54	72.7719513512667	1.13905474683652
S10_48086396	10	55	72.821702101766	1.13905474685046
S10_49114771	10	56	74.7474480013815	0.377399877821713
S10_49599324	10	57	76.1225810316549	1.43743860038656
S10_50132957	10	58	77.7631860395347	0.227948678843482
S10_50151017	10	59	77.8197078219716	0.227948678843481
S10_51279784	10	60	81.3523724286138	0.413706041068212
S10_51463632	10	61	81.9277554107544	0.30065309060815
S10_51690921	10	62	82.6390942484234	0.494562395032474
S10_53244195	10	63	89.9514545481793	0.281932129712696
S10_53317471	10	64	90.4478578888779	0.265127427879664
S10_53882003	10	65	94.4166786487876	0.177899779239757
S10_54118725	10	66	96.5590491302401	0.206738726088409
S10_55090876	10	67	100.748954124371	0.152900282216422
S10_55120603	10	68	100.877075481815	0.62464904317447
S10_55493450	10	69	102.870413975865	0.350915261446383
S10_55797287	10	70	104.833175888536	0.398158155923166
S10_55930065	10	71	105.690910796531	0.501414182421251
S10_56095271	10	72	106.758127904865	0.411522879702423
S10_56153226	10	73	107.132512415799	0.344758345365121
S10_56205261	10	74	107.468654215928	0.247640897219377
S10_56420331	10	75	108.857988643789	0.231096526601389
S10_56477799	10	76	109.229227174967	0.335771427850689
S10_56535382	10	77	109.601208596641	0.650782446042916
S10_56919272	10	78	112.339999769973	0.503518371108906
S10_58088494	10	79	119.968417131774	0.0383243163168922
S10_58107862	10	80	120.06137286212	1.36386343980875
S10_58262008	10	81	120.801188744498	0.0383243163328604
S10_58882240	10	82	123.777960664361	1.29440834973968
S10_59586652	10	83	127.230760768415	1.56112651819487
S10_59962047	10	84	129.232265200206	1.81829100294694
S10_60891851	10	85	134.013030525726	0.691200977556927
