mk.names	chr	pos.ind	pos.cM	log10pval
S1_69121	1	1	0.185010400220716	3.87765502559916
S1_80410	1	2	0.223173359000347	4.12026181184736
S1_577509	1	3	1.7693568191779	4.35650790317784
S1_821014	1	4	2.3936890811088	4.89444767016699
S1_1348345	1	5	3.86903532055653	0.248301205813565
S1_1536966	1	6	4.43807942000248	5.35190469730869
S1_2369035	1	7	6.94831929139483	0.585820222356953
S1_2464406	1	8	7.23604072648562	5.07445968745107
S1_3215055	1	9	9.50064744686673	3.55356301131614
S1_3215185	1	10	9.50103963932106	3.55356301131611
S1_3258971	1	11	9.6331360916691	3.56810581307674
S1_3535871	1	12	10.4685060193897	4.01096882708056
S1_4216520	1	13	12.5219321874398	5.03778991106218
S1_4295319	1	14	12.7596581351988	4.50029383675796
S1_4319536	1	15	12.8327175557102	3.93489245137074
S1_4468470	1	16	13.2820313325796	5.07115392498137
S1_4530839	1	17	13.4701901878415	5.2207069046507
S1_4954126	1	18	14.4526258435254	5.74089058317935
S1_6837999	1	19	17.7425149780595	6.88600685790425
S1_7195981	1	20	18.3676744724409	6.58684130002242
S1_7590801	1	21	18.8691753151358	1.50419577922954
S1_7640689	1	22	18.9162940462446	1.50419577922959
S1_7816461	1	23	19.0823089918118	1.97201503593624
S1_7953228	1	24	19.2114840939919	2.03226719794841
S1_7990570	1	25	19.2467532500427	2.14977671792342
S1_8308469	1	26	19.547005765693	5.97328806719213
S1_8429405	1	27	19.661228642244	1.87787896713632
S1_9247933	1	28	20.5598009779263	4.82135408017945
S1_9785963	1	29	21.1990132087134	2.0079318797403
S1_10044853	1	30	21.5065902107923	2.20092423388255
S1_10291067	1	31	22.3720821708061	1.91125068088882
S1_10322103	1	32	22.4930054600357	4.55966388298769
S1_10934969	1	33	24.8808702807926	4.37709831076791
S1_11491133	1	34	27.4588430485259	3.30828774493785
S1_12122546	1	35	31.3430996583726	3.70442375742825
S1_12769005	1	36	34.9645040460767	2.67834933305675
S1_12903694	1	37	35.7190195460164	1.3078312348165
S1_12938971	1	38	35.9166380842145	1.06974570207166
S1_13871452	1	39	41.1403116425542	0.0118304886440769
S1_14127467	1	40	42.5744843345859	2.22999365033576
S1_14160192	1	41	42.7578068014208	2.34232439195368
S1_14246694	1	42	43.2423831200197	1.6601698137828
S1_14357627	1	43	43.863819673523	1.6522380539025
S1_14478464	1	44	44.5407375321916	1.66934297128313
S1_15769166	1	45	50.0936160582495	0.222340606442388
S1_16615608	1	46	53.28276712133	0.703531856506276
S1_17464476	1	47	56.3110173100375	0.688559055111356
S1_18083382	1	48	58.321375547432	0.59525871432056
S1_19061369	1	49	61.4981167997624	0.678168350541456
S1_19274458	1	50	62.1427991146122	0.15033526533135
S1_19605364	1	51	62.8595946856167	0.056926843530099
S1_19767176	1	52	63.2101054800277	0.0531103852570393
S1_19980462	1	53	63.6721172300632	0.122890479841467
S1_20172421	1	54	64.0879312709523	0.432081617622242
S1_20257881	1	55	64.2730513639637	0.0238794708406304
S1_20393420	1	56	64.5666506184299	0.0238794708406244
S1_21649576	1	57	67.2876863726642	0.133340989603149
S1_21991976	1	58	67.9542526185215	0.418726784418679
S1_24550189	1	59	70.5806285794195	0.317190319064532
S1_24932099	1	60	70.7495516077366	0.32954562622746
S1_27527703	1	61	71.8976160417449	0.838106113582782
S1_30434648	1	62	73.1833900527722	0.495471794819084
S1_31744171	1	63	73.7626065980602	0.892955460151807
S1_42275014	1	64	78.4205152422237	1.3173931901762
S1_42953211	1	65	78.7204892964135	1.31739319018284
S1_45747234	1	66	81.7870829226376	0.508874064967807
S1_46296903	1	67	82.5201007573659	0.448427273852596
S1_47398173	1	68	86.7391005969062	0.94945356242774
S1_47563214	1	69	87.6025068751719	1.31393501964338
S1_49580072	1	70	91.0652776318668	0.332829695337848
S1_49751212	1	71	91.1150811895765	0.302184850732418
S1_49951229	1	72	91.1732882609942	0.128500554725877
S1_50005399	1	73	91.1890523063439	0.0841246640314756
S1_50773679	1	74	92.2626552304415	0.879149241536618
S1_51025171	1	75	93.2946271632722	0.0883510598938916
S1_51962953	1	76	97.1427205543696	0.21824067528293
S1_52201162	1	77	98.1201870429564	1.13395676436308
S1_52546635	1	78	99.5378004841428	1.11859397173519
S1_52728980	1	79	100.286034710647	1.11846574317842
S1_52794182	1	80	100.553584509306	1.07293127802495
S1_53232083	1	81	102.350466880748	0.657397824204309
S1_53387610	1	82	102.988656162305	0.585054940944044
S1_53562386	1	83	103.705831764441	0.684424760549307
S1_53790631	1	84	104.893179235576	0.840692790146741
S1_54059538	1	85	106.394938216999	0.647127207816944
S1_54073544	1	86	106.473157215738	0.0334672154507619
S1_54147699	1	87	106.88728900579	0.797193676126698
S1_54166471	1	88	106.992124579424	0.780796283996261
S1_54658615	1	89	109.740590302345	0.754039894643784
S1_54826620	1	90	110.820573475585	0.802009993911982
S1_55032126	1	91	112.225998892986	0.824053130582817
S1_55087219	1	92	112.602771846189	0.959738610410587
S1_55278866	1	93	113.913417593605	0.0723579530177938
S1_55522436	1	94	115.579157128784	0.865880526660473
S1_55534315	1	95	115.660395868934	0.880578370362847
S1_55555614	1	96	115.806056608597	0.887172239035638
S1_55948577	1	97	118.493472977453	1.42515247188728
S1_56700495	1	98	123.635729986987	1.91276708849701
S1_57171506	1	99	125.849603528204	1.50512340490468
S1_57899205	1	100	129.061796635808	0.0657764579131472
S1_58059874	1	101	129.800346760142	0.134286096211194
S1_58064651	1	102	129.822305283217	0.134286096210595
S1_58535343	1	103	131.985943789234	0.0496557886749949
S1_58566177	1	104	132.127678999721	0.0496557886748162
S1_59638668	1	105	135.562080661405	0.179497257408209
S1_60059960	1	106	136.536409394232	0.117769868858851
S1_60455872	1	107	137.37516748393	0.137986044677254
S1_60488338	1	108	137.431283415059	0.137986044677724
S1_60492502	1	109	137.438480690277	0.137986044677562
S1_61358374	1	110	138.93509910704	0.0483491786592327
S1_61387518	1	111	138.985473119756	0.0483491786589969
S1_62006301	1	112	140.055009995622	0.164759698187011
S1_62139027	1	113	140.284420550511	0.0667666029156794
S1_62314870	1	114	140.588356781569	0.0667666029156789
S1_62807239	1	115	141.439393093222	0.0239430017036913
S1_63726977	1	116	143.094311249966	0.365173039703143
S1_63860710	1	117	143.510675289836	0.0518261070196505
S1_63926817	1	118	143.716492684074	0.0518261070200358
S1_64118447	1	119	144.298632531053	0.0518394320796311
S1_64241693	1	120	144.648745530344	0.312910690017827
S1_64264160	1	121	144.712569011472	0.05183943207884
S1_64442291	1	122	145.218597431679	0.00378586600032265
S1_65062431	1	123	146.980269821701	0.0392175652740892
S1_65208402	1	124	147.39493921965	0.0392175652735125
S1_65506707	1	125	148.242353807171	0.0121142162139904
S1_65620854	1	126	148.566618680109	0.0286124044788469
S1_65753016	1	127	148.942059945646	0.262332554978532
S1_65764405	1	128	148.974413425263	0.262332477602115
S1_65924556	1	129	149.429364879668	0.334726902412101
S1_66067142	1	130	149.834418286001	0.222112466413326
S1_66256472	1	131	150.372260440358	0.222112466412749
S1_66257501	1	132	150.375183588178	0.222112466413078
S1_66353620	1	133	150.648235138565	0.312888458184812
S1_66633038	1	134	151.441996185869	0.0481769427628036
S1_67379507	1	135	153.562539655581	0.644018778954765
S1_67741885	1	136	154.59197061851	0.0935374509826201
S1_67742231	1	137	154.592953523414	0.124770985295747
S1_68199054	1	138	156.05479506416	0.0485831087151606
S1_68248809	1	139	156.358415576162	0.0485831087143814
S1_68332651	1	140	156.870045582539	0.234883842693179
S1_68409002	1	141	157.335963172969	0.0195103262131482
S1_68468156	1	142	157.696939311387	0.0807837851385592
S1_69322581	1	143	162.952476679979	0.314919583354614
S1_69574118	1	144	164.534242450208	0.627909978065434
S1_69661822	1	145	164.923377735423	0.627909978066687
S1_70494660	1	146	168.219022339763	1.07343617847361
S1_70775581	1	147	169.330662031871	0.312488306940763
S1_71291891	1	148	171.373765571415	0.161620616280637
S1_71451508	1	149	172.005390094804	0.628005461000488
S1_71500355	1	150	172.198683810975	0.55730027567336
S1_72238937	1	151	174.775493909356	0.452542225943678
S1_72456822	1	152	175.512063691773	0.171179523026575
S1_72799309	1	153	176.669855990786	0.0868413971953981
S2_239937	2	1	0.735646556753299	0.716403140329708
S2_320245	2	2	1.07208719776142	0.716403140356813
S2_359530	2	3	1.23666694799806	0.716403140357096
S2_887548	2	4	3.93557050786034	0.77018888076263
S2_1015542	2	5	4.66523501918148	0.883168247050906
S2_1595777	2	6	7.32190313958623	1.41203165767406
S2_1615180	2	7	7.3993825160925	1.41203165767182
S2_1815372	2	8	8.1987821626184	1.58040283572966
S2_1923802	2	9	8.89256898088145	1.46767059225914
S2_2350151	2	10	11.6217556238081	1.18409708288752
S2_2723024	2	11	13.7964416906074	1.56553245228473
S2_2801214	2	12	14.2488894096407	1.6201586167714
S2_3136499	2	13	16.1890215681788	0.106873731495925
S2_4146385	2	14	22.0327434914899	0.422729881248144
S2_4207191	2	15	22.3845984090438	1.01901561867479
S2_4280985	2	16	22.8116086018862	0.79840959045781
S2_4350340	2	17	23.2129324483315	0.395083902707182
S2_4393023	2	18	23.4599183287701	0.365699355949981
S2_4717399	2	19	25.336925379661	0.901496481661628
S2_5597192	2	20	30.4278620220896	0.742381781264941
S2_5838483	2	21	31.8240963560616	0.53902275083704
S2_6020304	2	22	32.8762065584195	0.80579536733294
S2_6054309	2	23	33.0729770493483	0.80579536733294
S2_6459292	2	24	35.4164178294644	0.462990203625859
S2_6459752	2	25	35.4190796270185	0.462990203620758
S2_7044197	2	26	38.800980217253	0.293024576380804
S2_7131612	2	27	39.306808550279	0.0969713428565227
S2_7423160	2	28	40.9938558400696	0.0561909182806186
S2_7450840	2	29	41.1540266146296	0.0969713423371747
S2_7741515	2	30	42.8360222755838	0.342230929888745
S2_8407965	2	31	46.5535167414314	1.07765014137317
S2_8507799	2	32	47.0154209477906	0.622216473671869
S2_8729624	2	33	48.0417436492313	0.664003187009901
S2_9316003	2	34	50.8160576264976	0.432627451664359
S2_9368890	2	35	51.1572343935483	0.613937118552338
S2_9509890	2	36	52.0668326720316	0.539410901958765
S2_9510658	2	37	52.0717870796761	0.539410901958763
S2_11554727	2	38	60.7031085893071	0.924098911077717
S2_11825062	2	39	61.2359047122824	0.861667895677965
S2_12090562	2	40	61.759171661253	0.86166789566462
S2_14136059	2	41	65.7905877603806	0.847144149686922
S2_14902498	2	42	67.3011421750775	0.0292042426403712
S2_15573601	2	43	68.6238013813109	0.513504679086049
S2_16399296	2	44	70.251141883873	0.453372047898099
S2_16864878	2	45	71.1687451706361	0.266611649614784
S2_17223726	2	46	71.8759892312922	0.266611649614727
S2_20216806	2	47	73.1948640227334	0.869211888246451
S2_20555295	2	48	73.2353058609067	0.869211888246464
S2_23343839	2	49	73.5684742805223	0.507817121145788
S2_29154435	2	50	74.2627100847071	0.507817121145206
S2_29752235	2	51	74.3341337671903	0.507817121145363
S2_40902628	2	52	75.6663554620615	0.292456781273659
S2_42423541	2	53	75.8480704289341	0.601771163223298
S2_45960074	2	54	76.2706067455669	0.762050762736557
S2_50031531	2	55	76.7570544739236	0.825534537399474
S2_54252728	2	56	78.1344256239858	0.675956241828814
S2_54979337	2	57	78.9764125262421	0.802985352449382
S2_56210301	2	58	82.2847570254369	1.25046679117421
S2_56718054	2	59	83.8562709505373	0.652272673730779
S2_56723114	2	60	83.8886126986803	0.652272673730806
S2_57129839	2	61	86.4882564760397	1.49870087924968
S2_57414700	2	62	88.3089882384403	2.39222706578229
S2_57818206	2	63	90.888057294995	2.89438667456225
S2_58167537	2	64	93.1208587219758	1.14619723251119
S2_58651554	2	65	96.2145258980436	1.10406610468139
S2_58830631	2	66	97.3591233747618	2.40773710527881
S2_59002688	2	67	98.458851469669	1.45146663739634
S2_60825062	2	68	110.243708489891	1.85487851021941
S2_60958217	2	69	111.164272011999	1.88446498326035
S2_60999158	2	70	111.447316517714	1.7774741964898
S2_61043915	2	71	111.756742837109	1.77747419644078
S2_61306680	2	72	113.573361618879	1.57144764866663
S2_61701783	2	73	116.184148550783	1.08025792043211
S2_61930266	2	74	117.637077772286	0.967508894802006
S2_62339499	2	75	120.010450974957	1.31488366990988
S2_62934973	2	76	121.827258287951	0.879458596271023
S2_63376716	2	77	123.175028153409	1.00082352693769
S2_64179959	2	78	124.978010221978	0.909991605916414
S2_64799664	2	79	125.87017973787	0.671302915652849
S2_65204747	2	80	126.685845120311	0.609775757755514
S2_65791761	2	81	128.304221514799	0.500825604982628
S2_66037597	2	82	128.981982486966	0.936549166418784
S2_66550632	2	83	130.396401450647	0.706572926064499
S2_66599932	2	84	130.532319769883	0.437729524278271
S2_66677916	2	85	130.747318841026	1.27422921759852
S2_67097571	2	86	131.904292517682	0.915981891120854
S2_67651093	2	87	133.430332677934	0.856260425994773
S2_67692237	2	88	133.543765199773	0.856260425994773
S2_67721219	2	89	133.623667526915	0.856260425994773
S2_67804684	2	90	133.853777517078	0.856260425994844
S2_67815023	2	91	133.882281766624	0.856260425994777
S2_67953532	2	92	134.264146076545	0.870716291164741
S2_68175602	2	93	134.907656975018	1.50928441004189
S2_68204910	2	94	134.992836536967	1.51803654043401
S2_68384967	2	95	135.516146772596	1.63999822705597
S2_68532720	2	96	135.945569995493	0.676124385944479
S2_68803538	2	97	136.732664256714	0.948141766343163
S2_69513053	2	98	138.897301551731	1.36839313308647
S2_69756905	2	99	140.36713940027	1.38589691684589
S2_69775924	2	100	140.481777976297	1.8063615341337
S2_70071595	2	101	142.263959080063	1.69154754894164
S2_70207058	2	102	143.080473377574	1.70046037099657
S2_70884528	2	103	146.953174906009	1.74978363796714
S2_71087273	2	104	147.468845567306	1.74978363796714
S2_71257152	2	105	147.90092338067	1.62237975803709
S2_71292499	2	106	147.990826514482	1.4566788370282
S2_71441038	2	107	148.368627221569	1.45667883702684
S2_71657677	2	108	148.91963650117	1.37210198755238
S2_71761150	2	109	149.182814337055	1.37210198755215
S2_71812245	2	110	149.312771635331	1.37210198755135
S2_71991333	2	111	149.768272029374	0.716563302274996
S2_72423328	2	112	150.867027349243	1.3560171926124
S2_72584775	2	113	151.277658838328	1.02963379223662
S2_72685975	2	114	151.535055424795	0.918911489850814
S2_73821791	2	115	155.565063087256	1.04300807436043
S2_73952422	2	116	156.084578511618	1.04300807433357
S2_74413458	2	117	157.982287362396	1.82046181401351
S2_74644690	2	118	159.171636057225	0.830354651590305
S2_74738945	2	119	159.656439463462	1.28834490977989
S2_74819567	2	120	160.071121127221	1.6211246686423
S2_74853165	2	121	160.243933443202	1.64079885420949
S2_74981707	2	122	160.905093057488	1.43484586138889
S2_75280978	2	123	162.444402379944	1.49375784112499
S2_75861837	2	124	165.432067986475	1.37817732862757
S2_76696934	2	125	169.727414335618	1.47137765362878
S2_76842190	2	126	170.474542907857	1.50490394854031
S3_864344	3	1	3.31696827041796	0.465928507440383
S3_1188268	3	2	4.67554346256635	0.316511496940644
S3_1612815	3	3	6.75569352219175	0.985466637625577
S3_1925604	3	4	8.28826366636935	0.553503992992047
S3_2053526	3	5	8.91504222310724	0.32849682086368
S3_2279295	3	6	10.0212410628389	0.970066967988038
S3_2480144	3	7	11.0053395474018	0.887474953722084
S3_2511972	3	8	11.1612869833694	0.912716371662387
S3_2701286	3	9	12.088867506581	0.86915034380325
S3_2877263	3	10	12.9511008212498	0.77049650222121
S3_2965312	3	11	13.3825139100244	0.835552968668791
S3_4558141	3	12	20.4353520819623	0.35586269213139
S3_5102377	3	13	22.4095882230113	0.27433819921486
S3_5224331	3	14	22.8519808511092	0.415504449471794
S3_5604744	3	15	24.231943023999	0.323475440207307
S3_6188219	3	16	26.3485200832133	0.374850003521716
S3_6642629	3	17	27.9969090998422	0.516634836178363
S3_6779771	3	18	28.6059695479593	0.0870343567371716
S3_6931291	3	19	29.7566132267876	0.25759218517854
S3_7330931	3	20	32.7914814937288	0.0858103956486367
S3_7433944	3	21	33.449192928792	0.145573641932428
S3_7508911	3	22	33.7664788390385	0.129535731809772
S3_7657299	3	23	34.3945074602939	0.156506678617351
S3_7692949	3	24	34.5453904181325	0.156506678636533
S3_7707914	3	25	34.6087274016964	0.189936529703891
S3_7874841	3	26	35.3152193933689	0.189046654503082
S3_7948040	3	27	35.6250225246685	0.769395873283672
S3_7960292	3	28	35.676877167009	0.769395873299618
S3_8005248	3	29	35.8671462905038	0.769395873310229
S3_8084317	3	30	36.2017932636691	0.248304574995772
S3_8200765	3	31	36.6946409123196	0.54491505957505
S3_8326061	3	32	37.2249363144331	0.81582777769679
S3_8410783	3	33	37.5835087114598	0.503225815214993
S3_8713533	3	34	38.8766875768691	0.278184383650466
S3_8723362	3	35	38.9186742466086	0.766434688047594
S3_9620617	3	36	42.7928335903196	0.611528647033007
S3_9777799	3	37	43.9337069374243	0.53853944720434
S3_10231153	3	38	47.2242840735043	0.194626804732172
S3_10413437	3	39	48.0593376048902	0.278184383650491
S3_10949549	3	40	49.7295360864486	0.470362707726322
S3_11372208	3	41	51.1297430104398	0.151448602569114
S3_12324006	3	42	54.7941896049674	0.104309000986329
S3_12335263	3	43	54.8375293423009	0.104308993506189
S3_12384140	3	44	55.0257070398804	0.0895306777531568
S3_12469475	3	45	55.3542489680458	0.29817274588198
S3_14161518	3	46	61.5582322526163	0.357062389064338
S3_14191041	3	47	61.5781295778393	0.357062389064338
S3_14961414	3	48	62.0973302730262	0.285923129666719
S3_15625725	3	49	62.5450494078093	0.315643157199725
S3_17369070	3	50	63.719994448654	0.459569440658522
S3_21015030	3	51	66.1772261618937	0.459569438204216
S3_21341323	3	52	66.3971346379626	0.459569438202228
S3_21677918	3	53	66.6239862513972	0.459569438202706
S3_22847214	3	54	67.4120451476452	0.459569438202224
S3_23458101	3	55	67.8237586358913	0.459569438203636
S3_25861668	3	56	69.4436669885053	0.186267054738518
S3_27331335	3	57	70.3939934519149	0.459569438202335
S3_33291164	3	58	70.5507951888854	0.524236090479069
S3_42069336	3	59	70.7817468851548	0.415921612489977
S3_45964617	3	60	71.3349945560812	0.448348774395446
S3_46902618	3	61	71.6468138257904	0.459569438202228
S3_50671111	3	62	76.3910047234453	0.349158467477648
S3_51446043	3	63	78.129846963293	0.420307277625753
S3_51849926	3	64	79.0361056032206	0.238664906845735
S3_51871058	3	65	79.0835229433388	0.238664763911045
S3_51938185	3	66	79.234146821349	0.164639527933119
S3_51968827	3	67	79.302903310839	0.164639527933115
S3_52009954	3	68	79.3951867173807	0.172223477432747
S3_52450636	3	69	80.3840173192149	0.161452679211533
S3_53209811	3	70	82.5805270859545	0.173365038074524
S3_54110277	3	71	85.2255505944496	0.450341972014588
S3_54756995	3	72	87.1468199819469	0.314786671104443
S3_56309648	3	73	95.9057281495205	0.069821748760902
S3_56678699	3	74	98.3338463819833	0.13440900957652
S3_57010955	3	75	100.519877178391	0.129612917918022
S3_57017145	3	76	100.56060339742	0.129612917917246
S3_57062382	3	77	100.858233764177	0.170953700841099
S3_57203763	3	78	101.788429817904	0.603798551708128
S3_57327496	3	79	102.602513381577	0.314402221441691
S3_57359897	3	80	102.815691123543	0.114208282701178
S3_57705954	3	81	105.092523624122	0.0652593588710615
S3_57840534	3	82	105.919688282245	0.158124821882447
S3_57843483	3	83	105.935131370861	0.121378811762676
S3_58096479	3	84	107.260000698587	0.0469698214447288
S3_59243960	3	85	113.066584643171	0.134320964640746
S3_59243981	3	86	113.066682083039	0.134320964640744
S3_59302355	3	87	113.337537074961	0.134320964639725
S3_59569295	3	88	114.576136991768	0.0243570005148724
S3_60275948	3	89	117.85500245596	0.308373602991319
S3_60868483	3	90	120.604361119724	0.313500167855464
S3_61327351	3	91	121.912921695737	0.21337256670676
S3_61402596	3	92	122.087487636297	0.182130033787651
S3_61405502	3	93	122.094229461312	0.18213003378765
S3_62404529	3	94	124.411939447354	0.299901751259659
S3_62407789	3	95	124.419502540798	0.299901751259665
S3_62441685	3	96	124.498140152882	0.299901751259659
S3_63071338	3	97	125.958914532194	0.0953083369830505
S3_63771409	3	98	127.58305636984	0.421062534983429
S3_64378003	3	99	128.990334622853	0.187099015468624
S3_64914217	3	100	130.249945899004	0.134005553278469
S3_65138275	3	101	130.826913875448	0.281667416249767
S3_65707360	3	102	132.29235505976	0.141539870373304
S3_65765669	3	103	132.442505582118	0.141539870373298
S3_65903342	3	104	132.797025002183	0.396269852904765
S3_66117269	3	105	133.346858226029	0.430760020875353
S3_66258910	3	106	133.709141362517	0.108237281061611
S3_66773110	3	107	135.024339566302	0.0979760430077797
S3_66845101	3	108	135.2084749881	0.111083833046608
S3_66881436	3	109	135.301411057206	0.27603886487706
S3_67211263	3	110	136.145028089411	0.111082172270685
S3_67570498	3	111	137.063863613986	0.119196253017153
S3_68072189	3	112	138.347066846298	0.363368449175881
S3_68200686	3	113	138.675730836169	0.141704676352058
S3_68504510	3	114	139.452838535638	0.577159987088257
S3_69214403	3	115	141.816425135479	0.635270184985911
S3_69597851	3	116	143.347598637725	0.163940737064793
S3_69760827	3	117	143.998389703794	0.356841758905524
S3_69914381	3	118	144.611557111015	0.871356802386758
S3_70668638	3	119	147.683494151135	1.10884320244635
S3_70748393	3	120	148.084746636041	1.35574498199421
S3_70836082	3	121	148.525915580294	0.994986805761811
S3_70906601	3	122	148.880701160923	0.411899673373806
S3_71084325	3	123	149.774841924856	1.20035217754774
S3_71440989	3	124	151.569241226173	1.1909967100051
S3_71454022	3	125	151.634811079296	1.19099671000506
S3_71691801	3	126	152.831092373365	2.36586614494156
S3_71793128	3	127	153.340874964275	2.79325201048445
S3_71819433	3	128	153.473217094743	1.09595263449078
S3_71900772	3	129	153.88243878454	1.20658745793039
S3_72146437	3	130	155.143118261217	2.86555296353502
S3_72146643	3	131	155.144177415354	2.86555296353502
S3_72237591	3	132	155.611788825246	3.00370898048682
S3_72422287	3	133	156.561407914851	3.29855647728297
S3_72460418	3	134	156.757459402191	2.85900597598785
S3_72682468	3	135	157.899135014261	1.45124685247591
S3_72724091	3	136	158.113140706678	1.68251740492738
S3_72927543	3	137	159.159194237985	1.45605168809652
S3_73190988	3	138	160.451109704031	0.315233986905488
S3_73254172	3	139	160.684106070906	1.2790262742764
S3_73504795	3	140	161.608299671429	2.0402114739246
S3_73773897	3	141	162.600636154065	0.65789233938834
S4_518538	4	1	1.80595165981309	0.206900056220132
S4_2281818	4	2	8.60105235882204	0.59900953971579
S4_2869689	4	3	10.7993243514	0.840818093556736
S4_3099564	4	4	11.6589139115141	0.909236936521345
S4_3130471	4	5	11.7744868730561	0.909236936521985
S4_3670902	4	6	13.7953627645712	0.591577044937168
S4_3831164	4	7	14.3946429911422	0.491131158336163
S4_4247711	4	8	15.9522697556745	0.645910181648789
S4_4558389	4	9	17.114012291214	0.563317642224896
S4_4630054	4	10	17.3819948287913	0.88604680668509
S4_4756226	4	11	17.8537996530598	0.497434570762236
S4_4933903	4	12	18.5182011507103	0.368816525136481
S4_5373498	4	13	20.0490110240812	0.957487676802773
S4_5469490	4	14	20.3729712672672	0.95748767680277
S4_6112868	4	15	22.544286515835	1.47388810438831
S4_6766267	4	16	25.5251455146263	0.890964637415576
S4_6791790	4	17	25.6818659851935	0.890964637355539
S4_7980358	4	18	32.3153019920216	0.865619452746511
S4_8759185	4	19	36.3712792983963	0.616959044605296
S4_9835711	4	20	41.8502721371714	0.0799053881671522
S4_10312807	4	21	44.2672132267112	0.444507913072058
S4_11075519	4	22	48.131068661016	0.275629157550686
S4_12456643	4	23	55.1277639704498	0.0987293708297144
S4_13011269	4	24	57.9374676123313	0.0987293708297303
S4_13309050	4	25	59.304593572951	0.0860105292106898
S4_13908419	4	26	59.3432575015595	0.0860105292106921
S4_14707376	4	27	59.3947963973138	0.0860105292106898
S4_22685111	4	28	59.9094219059703	0.141248810857328
S4_34118738	4	29	60.6469791337628	0.264948393589709
S4_37902443	4	30	60.8910573226512	0.213174154924246
S4_39295508	4	31	60.9809207718904	0.213174154924245
S4_43108567	4	32	61.2268925204396	0.0973116728287722
S4_43241984	4	33	61.235498947137	0.0973116728287721
S4_47760831	4	34	61.8509215908057	0.0409112442645113
S4_47941778	4	35	62.0186205076324	0.0409240800555199
S4_48445544	4	36	62.7276490305737	0.0535934246132651
S4_50078008	4	37	66.4882222412775	0.120515811037323
S4_50266230	4	38	67.7034143374689	0.013435078089492
S4_50344117	4	39	68.2062655811921	0.212581132124449
S4_50462556	4	40	68.9709271865349	0.536304821855603
S4_50524468	4	41	69.3706412107159	0.536304821855571
S4_51327034	4	42	74.5521389095608	0.438990509640294
S4_51377481	4	43	74.8778330137387	1.38872172894938
S4_51414196	4	44	75.1148710741762	0.476999153691913
S4_51702666	4	45	76.9772806967939	0.0140772529810839
S4_52111692	4	46	79.3724372630659	0.0105888406916966
S4_52207331	4	47	79.7434346277421	0.000494319518861384
S4_52289086	4	48	80.0605739699467	0.0167037367691837
S4_52519450	4	49	80.9541888855801	0.00531262112930784
S4_52814501	4	50	82.0987339293915	0.387531668011067
S4_53692248	4	51	85.5036401272025	0.54549252304834
S4_53777496	4	52	85.8343293161726	0.545492522957832
S4_54163366	4	53	87.3311742550324	1.07460079396191
S4_54584296	4	54	88.9640219501479	1.34018790184995
S4_54990006	4	55	90.5378290876418	0.436766988721549
S4_55719494	4	56	93.3093762241741	0.981545525719395
S4_55937022	4	57	93.967641468137	0.981545525720921
S4_56120807	4	58	94.5237964360571	0.980524108737675
S4_57094537	4	59	98.0416686747263	1.35487109584226
S4_57100335	4	60	98.0643079145414	0.275293296410219
S4_57153196	4	61	98.2707123394929	1.80712594639499
S4_57231239	4	62	98.575444004359	0.275293296409178
S4_57344604	4	63	98.9278842768727	0.198911348254722
S4_57430384	4	64	99.1225010308247	0.163437883838414
S4_57516330	4	65	99.3174944038156	2.21873013776667
S4_58123182	4	66	102.785390755746	2.04871607092684
S4_58236768	4	67	103.325120762446	1.37110704565115
S4_58274949	4	68	103.506546566557	2.21186927203442
S4_58824987	4	69	105.560814678071	2.15481076264869
S4_59050365	4	70	106.09565182041	0.050169461563084
S4_59440407	4	71	107.021247702315	0.0909590571487057
S4_59587518	4	72	107.370351993092	0.0909590571487264
S4_59943473	4	73	108.215057132907	0.0439382999142782
S4_60082334	4	74	108.544583619175	0.04284048095933
S4_60660427	4	75	109.98145965729	0.359461802159577
S4_60665543	4	76	110.00054519656	0.359461802182881
S4_61113510	4	77	111.671712469866	1.04818145286208
S4_61704639	4	78	113.748426985096	0.609714927245832
S4_61744542	4	79	113.868908534165	0.609714927245948
S4_62202164	4	80	115.603634137858	0.673298906175885
S4_62252006	4	81	115.87273964812	0.621222687931016
S4_62527347	4	82	117.359352952177	0.488087506347568
S4_62958009	4	83	119.684570986367	0.932187826290664
S4_63984116	4	84	125.224698746441	0.490302571869378
S4_63984534	4	85	125.226955600165	0.490302571869626
S4_64008481	4	86	125.356249562169	0.480716372950771
S4_64052036	4	87	125.59141048066	0.480716372950347
S4_64277272	4	88	126.807498292329	0.239404158910295
S4_64341842	4	89	127.15612280173	0.480716373002821
S4_64361203	4	90	127.260656162834	0.379084698415694
S4_64704717	4	91	129.115347191522	0.21620685964672
S4_64798089	4	92	129.619478640985	0.735634740715154
S4_65429659	4	93	133.029433440464	0.175110808233391
S4_65543651	4	94	133.64489580806	0.220880627181729
S4_65768490	4	95	134.858840148608	0.27835552873093
S4_65871492	4	96	135.414965620458	0.881227959280519
S4_65897797	4	97	135.556990829066	0.88758875371756
S4_65941925	4	98	135.795245472876	0.386639568901999
S4_66339784	4	99	137.943354481484	1.16017922434964
S4_66397257	4	100	138.253661070129	0.997805767850403
S4_66582434	4	101	139.253463467176	0.434519912890082
S4_66583792	4	102	139.260795542192	0.362002331920909
S4_66633118	4	103	139.527115079914	0.798674863471456
S4_66633201	4	104	139.527563211156	0.798674863471524
S4_66634253	4	105	139.533243139666	0.592025949358169
S4_66758323	4	106	140.203118358519	0.852776678384044
S4_67319239	4	107	142.480827323262	0.214676884691486
S4_67620601	4	108	143.643245182482	0.0724368298540534
S5_49840	5	1	0.0433299622980599	0.0473517728657437
S5_345243	5	2	1.14562076945735	0.290244506501316
S5_459688	5	3	1.57267016105238	0.326409122032952
S5_917154	5	4	3.27969604226527	0.10126177120486
S5_1481646	5	5	5.3860874543869	0.330756007069428
S5_1734280	5	6	6.72370269933511	0.155116559595918
S5_1858785	5	7	7.52586734483331	0.728618904523407
S5_2300662	5	8	10.3728060786898	0.407531955628424
S5_2802165	5	9	13.6111765606606	0.585009174721981
S5_3786904	5	10	21.295115989223	0.512720077953621
S5_3861674	5	11	21.8077013748465	0.275105010527788
S5_3861704	5	12	21.8079070397063	0.275105010527813
S5_4369862	5	13	25.2915818342449	0.226263947644549
S5_5263658	5	14	31.1649032537057	0.506749233445142
S5_5299509	5	15	31.3671212881735	0.458731972064057
S5_5900206	5	16	34.7553605744063	0.0361406404983329
S5_5943525	5	17	34.9997019605633	0.129976247191441
S5_6289811	5	18	36.9529326733393	0.475596885401531
S5_6485690	5	19	38.0577907351375	0.233664720447648
S5_7930582	5	20	44.7359578177105	0.351948872590836
S5_7945929	5	21	44.7773833505443	0.351948874510053
S5_8759638	5	22	46.9737949551999	0.39652412768209
S5_8781211	5	23	47.0320260765802	0.398638116408553
S5_8787464	5	24	47.0489045451285	0.398638116404796
S5_10266276	5	25	51.7719521312062	0.13298789215279
S5_10470994	5	26	52.4526196152072	0.237226153784328
S5_10862708	5	27	53.7550306529664	0.0942157116889861
S5_12792819	5	28	58.073187281949	0.584126199762274
S5_13296375	5	29	58.4394857249851	0.768008911747189
S5_13493896	5	30	58.5831671323498	0.632277401358532
S5_13543390	5	31	58.6191702286085	0.949871632143767
S5_13707271	5	32	58.7383811110986	0.421012294062148
S5_14661383	5	33	59.4324245542946	0.274132633748869
S5_14989664	5	34	59.6712238520457	0.274132633748863
S5_15878079	5	35	60.3174777568148	0.239302345640056
S5_16004923	5	36	60.409747056969	0.239302345640056
S5_16021128	5	37	60.4215349539843	0.239302345640378
S5_16214960	5	38	60.5625328962401	0.239302345640214
S5_16246011	5	39	60.5851201218013	0.239302345640061
S5_16980708	5	40	61.1195559486076	0.23930234564054
S5_18712356	5	41	62.3791973118056	0.134411979046528
S5_21863930	5	42	63.8327522465153	0.115659447428805
S5_28352926	5	43	64.9079225643588	0.115659447428804
S5_28353057	5	44	64.9079442699218	0.115659447428804
S5_35903834	5	45	66.1590424840454	0.292129166879831
S5_37141659	5	46	66.3641393432027	0.456529706281243
S5_37502889	5	47	66.4239920190118	0.292129166888636
S5_41916021	5	48	67.1552096889141	0.409167411702432
S5_42226572	5	49	67.2066652942768	0.409167411702466
S5_42618226	5	50	67.2715589628297	0.420302822709425
S5_44201943	5	51	67.5339671243178	0.56375625216759
S5_44231973	5	52	67.5389428346812	0.563756252167591
S5_45485115	5	53	67.7465775877991	0.533011325580399
S5_45546494	5	54	67.7567475553778	0.533011325580079
S5_46962407	5	55	69.4854634740737	0.369252971926341
S5_48233445	5	56	71.0319732107079	0.146660843577972
S5_48514677	5	57	71.3741565492494	0.381678641673468
S5_48598461	5	58	71.6075267964736	0.381678641669432
S5_48926942	5	59	72.5856037566748	1.09302940693775
S5_49363745	5	60	73.8862176443783	1.35000392092451
S5_49637325	5	61	74.7008227349979	1.31353676257833
S5_49653682	5	62	74.7495269365743	0.381678641667945
S5_51033201	5	63	77.6741701311875	0.438034729484152
S5_52255873	5	64	79.956969672638	2.42099868163672
S5_52796420	5	65	80.966202274458	1.36032458652567
S5_52909729	5	66	81.1777567496094	0.221452580091123
S5_53090793	5	67	82.2413208430226	0.383203927397099
S5_54550186	5	68	90.9469655606608	0.465069128467346
S5_54691715	5	69	91.7912214884628	1.11608287471167
S5_55104233	5	70	94.2519946644549	2.27807019897692
S5_55391137	5	71	95.7888209315959	0.389247079606724
S5_56233367	5	72	100.126518229866	4.8161695239739
S5_56607552	5	73	101.841110558449	4.01937338997425
S5_57661227	5	74	106.61552799734	2.55591481589341
S5_57661235	5	75	106.61556424698	2.55591481589355
S5_57972699	5	76	108.194219363781	3.02525137925258
S5_59361368	5	77	115.820010865608	1.21297109739033
S5_59499442	5	78	116.342879124343	1.07199148529826
S5_60002171	5	79	118.241164863492	0.248996140313993
S5_60002211	5	80	118.241314858641	0.248996140313985
S5_60061479	5	81	118.463562669573	0.853234943168027
S5_60541308	5	82	120.262863217453	0.950725958987597
S5_60991921	5	83	121.681094709083	0.109357119802379
S5_61065360	5	84	121.89242850131	0.0673998903447529
S5_61160767	5	85	122.166979123119	0.308631317011758
S5_61549469	5	86	123.285446490523	0.205075921882809
S5_61919347	5	87	123.963928381568	0.084148822095752
S5_61995161	5	88	124.10299700984	0.123133703744552
S6_369079	6	1	1.20941791729912	0.271216479321712
S6_527716	6	2	1.78415925805342	0.576821296432711
S6_928913	6	3	3.23769469862911	0.351261490880645
S6_942247	6	4	3.28600373774116	0.327042031905238
S6_1007644	6	5	3.52293685839592	0.64504488523912
S6_1279029	6	6	4.50616384050355	0.329414161381276
S6_1403090	6	7	4.95563644446933	0.205262915934612
S6_1486805	6	8	5.25893562020542	0.0425759983616521
S6_3223338	6	9	18.4027574103496	1.03763409637074
S6_3407573	6	10	20.0470027852906	0.469774285803941
S6_3421278	6	11	20.1693160420744	0.469784801769361
S6_5889011	6	12	26.0162439330683	0.297014792215538
S6_6419191	6	13	26.118946332685	0.180976091385939
S6_6699671	6	14	26.1732787651503	0.227209968155358
S6_8171399	6	15	26.4583706154334	0.682670128559691
S6_8839311	6	16	26.5877534007757	0.345150274435321
S6_11167724	6	17	27.038795692825	0.0709601117622846
S6_14120923	6	18	27.6108667325579	0.40814920617071
S6_15061276	6	19	27.7930246969978	0.408149206170642
S6_16687852	6	20	28.1081125131337	0.338992822758768
S6_17960117	6	21	28.3545659222557	0.338992822761738
S6_28189066	6	22	30.3360393989179	0.254225816645536
S6_30900072	6	23	30.8611946699112	0.785671167073624
S6_32718590	6	24	31.3025266260757	0.165333201034966
S6_35253189	6	25	32.7498078238791	0.4081492061275
S6_36754317	6	26	33.6069668182195	0.792033537230821
S6_38144090	6	27	34.4005410017944	0.4330582817098
S6_40426219	6	28	36.4581192153707	1.69679527970525
S6_40947369	6	29	38.4075033936427	2.3871264931969
S6_41868861	6	30	41.8543841865128	1.70315122788999
S6_42525843	6	31	44.3118538520784	1.98825456730894
S6_42622674	6	32	44.674054407324	2.06545803003412
S6_44127668	6	33	50.3035497387916	1.05926695735468
S6_44894798	6	34	53.1730327756866	1.45459712598834
S6_44975837	6	35	53.476162670003	1.45459712598416
S6_46166183	6	36	57.9287035105852	0.564628003743568
S6_46462832	6	37	59.0383319613196	1.03382970100165
S6_46927192	6	38	60.7752906815007	0.112484761852108
S6_47967987	6	39	64.7317246366656	0.95323178145587
S6_48008108	6	40	64.8842982523126	0.968130853113693
S6_48236765	6	41	65.753843508737	0.0216534755285667
S6_48327466	6	42	66.098764610225	0.752650741830925
S6_48534056	6	43	66.8552645526748	0.761792567056583
S6_48603072	6	44	67.0824352795871	0.761792567044217
S6_48720644	6	45	67.4694312907227	0.776319438860987
S6_49804958	6	46	71.0385225098773	0.988746436031629
S6_49828938	6	47	71.0835793201242	0.988715240082311
S6_49865663	6	48	71.1221014526788	0.577790687367903
S6_50776134	6	49	73.1691141819168	0.704527211328902
S6_50782316	6	50	73.1984859693523	0.230859542736127
S6_51031448	6	51	74.3821566499404	0.657958645541089
S6_51064862	6	52	74.5409125388714	0.21755763538748
S6_51271365	6	53	75.5220452177463	0.657955193705837
S6_51301819	6	54	75.6667376173844	0.657955193700471
S6_51455982	6	55	76.3991935970718	0.24840200540019
S6_51867661	6	56	78.3551541405339	0.832895272955576
S6_51977651	6	57	78.8777362984176	1.59306218027144
S6_52159683	6	58	79.7426028805058	0.887178962256253
S6_52347746	6	59	80.6361238220285	0.50649500008274
S6_52393824	6	60	80.8550486394752	0.465564097506485
S6_52444694	6	61	81.0766501722823	0.477878949617015
S6_52724189	6	62	81.5271474976278	0.471669074282921
S6_53057882	6	63	83.2246363481864	0.494908465056879
S6_53415136	6	64	85.0419794803991	0.12065651158503
S6_53812892	6	65	87.065355383528	0.453379539970049
S6_54717049	6	66	91.0612310300988	0.59263944717992
S6_55196124	6	67	92.7968628764748	0.0894928428299197
S6_55376993	6	68	93.471357943998	0.424127332017881
S6_55977131	6	69	96.725929286552	0.0835140889549181
S6_56180907	6	70	97.8465472392174	0.0747777109975964
S6_56365681	6	71	98.8626681837142	0.168179207689932
S6_56404360	6	72	99.0753742030253	0.168179207689954
S6_56467292	6	73	99.4214538640116	0.228739445519432
S6_56854221	6	74	101.241230557938	0.500448607113901
S6_57963392	6	75	104.583898612574	0.515061258330075
S6_58065851	6	76	104.892675551576	0.515061258330031
S6_58208536	6	77	105.322680114782	0.181896205646439
S6_58288835	6	78	105.564674272689	0.402744043470494
S6_59240106	6	79	108.492372168435	0.225673578836219
S6_59368446	6	80	108.919076656532	0.502844491982836
S6_59403831	6	81	109.038690831461	0.502844491982822
S6_59417396	6	82	109.084545467122	0.502844491982836
S6_59503896	6	83	109.376946940382	0.394058693421566
S6_59667751	6	84	109.930836459467	0.391283805556819
S6_59686464	6	85	109.994093208243	0.391272083240745
S6_60268198	6	86	111.960565793733	0.501329376720645
S6_60456267	6	87	112.596307443148	0.34123003715747
S6_60971505	6	88	114.337999353889	0.380590820921431
S6_61087380	6	89	114.729699015321	0.204776552318059
S6_61542271	6	90	115.954878090868	0.592094055728351
S6_61647254	6	91	116.151244015758	0.592094055728231
S7_399345	7	1	1.97746248046952	0.81620065296309
S7_403142	7	2	1.99727896152337	0.816200652960388
S7_408881	7	3	2.02723070889447	0.816200652963036
S7_1289088	7	4	7.74829175112722	0.678412463176064
S7_2726298	7	5	16.8385141647093	1.03453986876161
S7_2901548	7	6	17.9377325683867	0.710524154796256
S7_3280151	7	7	20.2790755773935	0.788700678284443
S7_3552077	7	8	21.9595184959759	1.24214427590815
S7_4227535	7	9	27.5354084038375	2.08815680851033
S7_4467133	7	10	29.851790876917	1.25718048426273
S7_5265050	7	11	37.4456627397542	1.06964238570821
S7_5430210	7	12	38.1521323696939	1.58134321358542
S7_5494512	7	13	38.4271832908878	1.58134321358546
S7_7599670	7	14	50.173649339614	0.390118362640036
S7_7688367	7	15	50.4553919564882	1.05018809297657
S7_9512280	7	16	54.4583097445639	0.0650945945800641
S7_9883894	7	17	54.5306551229018	0.0650945945800733
S7_10305618	7	18	54.6127558573579	0.0650945945800696
S7_14364334	7	19	55.4029019352399	0.106305033330157
S7_21104817	7	20	56.7151312721731	0.425783315086512
S7_23504604	7	21	57.1823189950397	0.298153996705611
S7_24148899	7	22	57.3077495911319	0.298153996717058
S7_27475127	7	23	57.9552957629609	0.343783730963016
S7_37560437	7	24	59.9186921032626	0.888770008397859
S7_38842116	7	25	60.1682078700602	0.837376053370274
S7_45933121	7	26	61.5486764194712	0.425783315086512
S7_48708075	7	27	62.0889012145549	1.28709295193438
S7_48844393	7	28	62.1154394431584	0.837376053369217
S7_50424641	7	29	62.423080273234	0.896265533214012
S7_51026356	7	30	62.5402214447899	1.64842828106272
S7_51615093	7	31	62.7147955303256	1.64842828105993
S7_53460089	7	32	67.7854318823755	1.41655323755125
S7_53572239	7	33	68.3043820135836	1.19942359529041
S7_54194222	7	34	71.4937650481513	1.23109976374491
S7_55181547	7	35	76.5565362245413	0.375045582276826
S7_55694037	7	36	79.1844648196727	0.2595335545704
S7_55708139	7	37	79.2567765702406	0.198382366489219
S7_55934608	7	38	80.4180565191388	0.151951500258767
S7_56281258	7	39	82.1846166761183	1.38809570694255
S7_57072685	7	40	86.1138381132587	1.22042608017687
S7_57406105	7	41	87.7691784182665	0.53974265316269
S7_57504955	7	42	88.4390714027729	0.512911676480879
S7_58118739	7	43	94.0896811859126	0.385341685940531
S7_58132748	7	44	94.2186506482186	0.385341685940457
S7_58409460	7	45	96.5250506439316	0.349070910747144
S7_58487675	7	46	96.9632576537221	0.360578223453049
S7_58963078	7	47	99.6267483789721	0.365987497142204
S7_59892688	7	48	104.560061084717	0.306080595627396
S7_59993072	7	49	105.057635890317	0.142863232097872
S7_60889808	7	50	109.50250002081	0.0699890979687117
S7_60906686	7	51	109.586159444313	0.0699890979686383
S7_61038476	7	52	110.239404818378	0.248794227952667
S7_61671937	7	53	113.366366457414	0.203194983269844
S7_61855139	7	54	114.223204815667	0.456785262886648
S7_62142657	7	55	115.567930588793	1.52430891966418
S7_62316113	7	56	116.379186766505	1.095071546986
S7_62743849	7	57	117.740297082161	1.57616179826573
S7_62823478	7	58	117.8565128542	1.53302758055602
S7_62860964	7	59	117.911222374986	1.53302758055603
S7_62860969	7	60	117.911229672313	1.53302758055602
S7_63120977	7	61	118.428621128466	2.22016830281308
S7_63243570	7	62	119.217757768038	1.81224118477458
S7_63368131	7	63	120.019562511878	1.69408360519355
S7_63374082	7	64	120.057869365794	1.69408360710759
S7_63509213	7	65	120.927713673723	1.82933135890495
S8_233905	8	1	1.1490389463646	0.0263011277750797
S8_233906	8	2	1.14904485751488	0.0263011277750797
S8_1243707	8	3	8.48222321761168	0.0797899847793379
S8_1612776	8	4	11.8961098326929	0.467015332312692
S8_2207897	8	5	17.3104475067984	0.403041022886358
S8_2232010	8	6	17.5298246155472	0.0565017571742054
S8_2429224	8	7	19.3240533355235	0.840591321305522
S8_3039494	8	8	24.876214748709	0.0609690603515059
S8_3100697	8	9	25.4330321163843	0.742216022299776
S8_3183985	8	10	26.1907760981979	0.940418739052903
S8_3804899	8	11	32.3316344285432	0.900411667676852
S8_4063351	8	12	34.4453944575826	1.08017671493646
S8_4070389	8	13	34.5029550223466	0.660477345435663
S8_4417685	8	14	37.079855312215	0.842205084744874
S8_4435101	8	15	37.1565883879939	0.527541024342688
S8_4702969	8	16	38.3367867999567	1.34830903586958
S8_5034188	8	17	39.796103096834	1.28534824734431
S8_5949257	8	18	45.1233735251337	2.42182066095204
S8_5986621	8	19	45.3535061015093	2.38257798591681
S8_6255034	8	20	46.0499988835164	0.76414746711876
S8_6436712	8	21	46.1341953332953	0.738654500044304
S8_6553881	8	22	46.1884958750459	1.27206654611529
S8_7285453	8	23	46.5275339817935	0.938290329217207
S8_14783702	8	24	50.0025058846031	1.01805385948574
S8_16417706	8	25	50.7597650779265	0.172434568580184
S8_19222897	8	26	52.0597965795497	0.861141668820584
S8_22340989	8	27	53.5048382273231	1.35409775985885
S8_28445861	8	28	56.3340665805358	1.35409776030616
S8_30482737	8	29	57.2780318809022	1.35409776031016
S8_36321800	8	30	59.9840743001037	1.22102628701715
S8_37433595	8	31	60.4993221115173	1.20994277984917
S8_40858184	8	32	62.0864060498702	1.05887713077841
S8_41887545	8	33	62.5634508309715	0.515044357415238
S8_43689202	8	34	64.9181711994692	1.16523486727553
S8_45039895	8	35	67.0631937784667	1.37795740686492
S8_45684129	8	36	69.6029136732715	0.346134448587438
S8_46220711	8	37	72.2647473242871	1.47406872257245
S8_46374664	8	38	73.0284652202933	0.775837580832151
S8_47197209	8	39	77.108881560153	0.807507115397075
S8_47361631	8	40	77.924533245389	0.283112352098492
S8_48507542	8	41	83.6090781255171	0.627586845433446
S8_49106777	8	42	86.5817158358136	0.393255701797367
S8_50249662	8	43	93.6738229314846	0.796424635274873
S8_50496373	8	44	94.9524828567851	0.887992304043813
S8_50593139	8	45	95.4540040955285	0.434252821273804
S8_50964116	8	46	97.7581927241406	0.685722288302737
S8_51052883	8	47	98.377148130195	0.503261719165469
S8_52062136	8	48	105.41447732265	0.785836064627773
S8_52062166	8	49	105.414686506944	0.785836064627778
S8_52150751	8	50	106.032372861618	1.17977150007732
S8_52280534	8	51	106.937325033753	1.0789721112483
S8_53145149	8	52	112.984392388424	0.361289956264715
S8_53614567	8	53	116.268642268343	0.661990605971548
S8_53736424	8	54	116.715097165492	0.709032713157722
S8_54227078	8	55	118.564575197249	0.65707330111934
S8_54339794	8	56	118.98944845993	0.733350577555268
S8_54779719	8	57	120.690634712663	0.887343951164397
S8_54801246	8	58	120.81788404465	0.384451348957648
S9_96179	9	1	0.324005954657828	0.521783876196498
S9_99030	9	2	0.337465680386074	0.307504402643613
S9_389710	9	3	1.70978173604595	0.503667052183322
S9_479331	9	4	2.1328873409183	0.960650580309529
S9_1155521	9	5	5.95092116796939	0.541518517313839
S9_1647684	9	6	9.10034143123171	0.314313347370889
S9_1837024	9	7	10.6071023973789	0.15220960943924
S9_1841125	9	8	10.6397380090942	0.0642620791617655
S9_2449300	9	9	15.5194793282577	0.461175600741434
S9_2752088	9	10	18.6406252957107	0.687108102543191
S9_2785659	9	11	18.9866759690312	0.687108102531039
S9_3590378	9	12	27.2817387250942	0.489648368235786
S9_3937831	9	13	30.863292583997	0.237731748937297
S9_4342954	9	14	34.3831258024373	0.824256113349746
S9_4541264	9	15	35.7549046513541	0.89161617835697
S9_5529122	9	16	41.4289428652526	0.616338337844429
S9_5547271	9	17	41.525046181477	1.31145298220302
S9_5625866	9	18	41.9412255929407	1.31145321206331
S9_6400516	9	19	45.7029243574927	0.915713292633464
S9_7874451	9	20	50.0396354265073	0.498667516558054
S9_8208950	9	21	50.5153645390358	0.44893580177669
S9_14034597	9	22	55.6927048279399	1.52758716669011
S9_14575197	9	23	55.8791163137508	1.52758716670593
S9_14629256	9	24	55.8944740906677	1.52758716670466
S9_16234849	9	25	56.3506116276788	1.04255947094062
S9_20015812	9	26	57.4247562897133	1.13144566519618
S9_22526102	9	27	58.1379118015917	1.13144849862519
S9_32347993	9	28	60.9282410877378	1.13833046121504
S9_33546229	9	29	61.2686514020566	1.13833040848867
S9_45080194	9	30	64.5453687190054	0.791298772681963
S9_45644040	9	31	64.7055533521556	0.87527607827551
S9_46854936	9	32	65.0495602823157	1.03984685605815
S9_47214745	9	33	65.217042483612	1.82870541282007
S9_47540673	9	34	66.132978586976	1.82047001841837
S9_48140198	9	35	67.8177880920486	0.575217302475561
S9_48267456	9	36	68.1754136923097	0.603798319287609
S9_48314468	9	37	68.3075287241307	1.88670198661942
S9_48406217	9	38	68.5694916738068	0.603798319288147
S9_48524781	9	39	68.9683781820431	1.98729311089887
S9_49084993	9	40	70.8531071769495	2.02441180480088
S9_49222871	9	41	71.3169720430354	1.92660138058119
S9_49461300	9	42	72.2169889009687	0.74500983081018
S9_49485954	9	43	72.4086227165122	0.745009830810181
S9_50223020	9	44	78.1377851196694	1.41217338182964
S9_50606758	9	45	81.1205537214808	3.10451065332647
S9_50876790	9	46	83.3392661490926	1.24210022354168
S9_51730696	9	47	89.5828485985823	1.83536241274839
S9_51904645	9	48	90.5542332889368	2.77719110194157
S9_51920335	9	49	90.6418510722621	2.77719110194158
S9_52380826	9	50	93.2140776164052	1.57533305680507
S9_52489596	9	51	93.8276788683904	1.74820424676981
S9_52502973	9	52	93.9031421758079	1.62446582702841
S9_52772232	9	53	95.4221056722524	0.30338221614859
S9_52946683	9	54	96.4062313687686	1.8013514540652
S9_53226719	9	55	97.9859908631229	0.322870861581983
S9_53277462	9	56	98.2722459732588	1.62730995679557
S9_53420701	9	57	99.0802962604069	1.67284567031351
S9_53502957	9	58	99.54432480305	1.67284567033967
S9_53793463	9	59	100.637631520982	1.63223026327182
S9_54018856	9	60	101.485859149874	0.368769838738317
S9_54303065	9	61	102.55543063692	0.240991428752157
S9_54575102	9	62	103.579194904137	0.120269258776994
S9_54618277	9	63	103.741676560078	0.0486950621928487
S9_54879351	9	64	104.724183470166	0.0433228926061075
S9_54895977	9	65	104.786752549764	0.0433228841499316
S9_54909153	9	66	104.836338150197	0.0336816734545647
S9_55101440	9	67	105.572343174048	0.0759542286355729
S9_55759214	9	68	108.312707937891	0.127191582934647
S9_55971250	9	69	109.183219149969	1.24005102418343
S9_56036164	9	70	109.386330302561	1.89817732976573
S9_56132930	9	71	109.689104030752	1.87546696957563
S9_56525939	9	72	110.918800413184	2.17362529069627
S9_56682664	9	73	111.409181461803	2.45523694665554
S9_57157025	9	74	112.902392790047	2.58595377999728
S9_57170536	9	75	112.945252062794	2.58595377437336
S9_57424528	9	76	113.750959442227	1.16748010020263
S9_57424615	9	77	113.751235421557	1.16748010020264
S9_57427041	9	78	113.758931121038	1.16748010020259
S9_57802149	9	79	115.573544264845	1.62709000434608
S9_57822468	9	80	115.695162894146	1.62708717850798
S9_58137624	9	81	117.568773713512	0.492902116864238
S9_58259224	9	82	118.046460224654	0.192279773194376
S9_58436298	9	83	118.742067636446	1.04867864204574
S9_58923651	9	84	120.800257709595	0.687403286306499
S9_58939068	9	85	120.8730422033	0.524405189848626
S10_131365	10	1	0.615291946684639	0.035272569448526
S10_555074	10	2	2.87328235700551	0.0352725694476404
S10_581096	10	3	3.01195636784164	0.228214423099602
S10_1896303	10	4	9.85000829860397	0.263531843321146
S10_1985624	10	5	10.3142442742583	0.263531843326107
S10_1989735	10	6	10.3356107401052	0.404347882516408
S10_2258152	10	7	11.7409677467602	0.113523655325917
S10_3110410	10	8	18.3171863496983	0.57608528155106
S10_4463846	10	9	26.2577451564301	0.798784332175863
S10_4769413	10	10	27.3990956612645	1.10019065899584
S10_5146807	10	11	28.8087335882052	1.19234481626153
S10_5271525	10	12	29.2745788930383	0.831294491459388
S10_5327511	10	13	29.4836971857978	1.2735705141791
S10_5345757	10	14	29.5518494447499	0.988676828403496
S10_5902028	10	15	32.1569944976892	1.15819997747297
S10_6424105	10	16	37.3189798089644	0.617410739868728
S10_6852987	10	17	39.6156232282244	0.825448612874792
S10_7028061	10	18	40.1230713520997	1.04359967016284
S10_7058520	10	19	40.2113560911536	1.04359967015988
S10_7384807	10	20	41.1570917571857	0.601058873693102
S10_7510124	10	21	41.5203203150508	0.725184152688802
S10_7770284	10	22	43.0627558538752	0.615247616840266
S10_7916552	10	23	43.989358250255	1.01523183790707
S10_8424825	10	24	46.1761438460247	0.358841267010473
S10_8563457	10	25	46.76472090251	0.358825859374057
S10_8579550	10	26	46.835949737491	0.42350736694103
S10_10107466	10	27	53.5986214971918	0.42202377482328
S10_10682576	10	28	56.1441018480236	0.436550628419703
S10_12325742	10	29	61.6615548169048	0.921831044070664
S10_12889995	10	30	62.597486379869	0.696605334189421
S10_13070208	10	31	62.8964073156132	0.696605334248713
S10_14028036	10	32	64.48516529668	0.298863365628202
S10_14538372	10	33	64.7893449134665	0.29886336566496
S10_14637899	10	34	64.8455433287059	0.298863365660298
S10_16771240	10	35	66.0501449279217	1.22829671368585
S10_16771988	10	36	66.0505672898395	1.22829671368584
S10_17959228	10	37	66.7209482569015	1.19834238200786
S10_18187057	10	38	66.8495930341536	0.473051894334605
S10_18669714	10	39	67.1221277082037	0.473051894332927
S10_19965679	10	40	67.5252203555158	0.473051894334606
S10_20207357	10	41	67.5314693445199	0.473051894334602
S10_20434433	10	42	67.5373407743857	0.473051894334606
S10_21780445	10	43	67.5721441664502	0.473051894334606
S10_22217866	10	44	67.5834544181866	0.473051894334606
S10_27828649	10	45	67.728530599185	0.473051894334606
S10_28713094	10	46	67.7513994042882	0.473051894334606
S10_41790040	10	47	69.0253571820128	0.440080674593455
S10_41813717	10	48	69.033123911847	0.440080674594251
S10_44501613	10	49	69.9148302958728	1.73468587671016
S10_45883104	10	50	70.3679986603385	1.39406010394623
S10_46005183	10	51	70.408044046639	1.39406010394624
S10_46009213	10	52	70.4093660013306	1.39406010394623
S10_46758481	10	53	71.2793939927609	1.22071167814506
S10_48043561	10	54	72.7719513512667	0.826614470499012
S10_48086396	10	55	72.821702101766	0.826614470515116
S10_49114771	10	56	74.7474480013815	0.312789029263409
S10_49599324	10	57	76.1225810316549	0.973128045021742
S10_50132957	10	58	77.7631860395347	0.0621707335406434
S10_50151017	10	59	77.8197078219716	0.0621707335406451
S10_51279784	10	60	81.3523724286138	0.136638974585012
S10_51463632	10	61	81.9277554107544	0.112340124239933
S10_51690921	10	62	82.6390942484234	0.409897040182709
S10_53244195	10	63	89.9514545481793	0.573428621624349
S10_53317471	10	64	90.4478578888779	0.556326801214065
S10_53882003	10	65	94.4166786487876	0.305088288399968
S10_54118725	10	66	96.5590491302401	0.865468726706044
S10_55090876	10	67	100.748954124371	0.129472560229888
S10_55120603	10	68	100.877075481815	0.81151527902145
S10_55493450	10	69	102.870413975865	0.306555139535493
S10_55797287	10	70	104.833175888536	0.318710965934118
S10_55930065	10	71	105.690910796531	0.34820291362601
S10_56095271	10	72	106.758127904865	0.148253459385437
S10_56153226	10	73	107.132512415799	0.135497225572948
S10_56205261	10	74	107.468654215928	0.101049807791116
S10_56420331	10	75	108.857988643789	0.0988987044844455
S10_56477799	10	76	109.229227174967	0.178173371044407
S10_56535382	10	77	109.601208596641	0.263750703960604
S10_56919272	10	78	112.339999769973	0.253718542024845
S10_58088494	10	79	119.968417131774	0.0965051421886636
S10_58107862	10	80	120.06137286212	0.938918105638415
S10_58262008	10	81	120.801188744498	0.0965051421980979
S10_58882240	10	82	123.777960664361	0.847778964743377
S10_59586652	10	83	127.230760768415	1.2159004117158
S10_59962047	10	84	129.232265200206	1.65923667108362
S10_60891851	10	85	134.013030525726	0.695808790440896
