mk.names	chr	pos.ind	pos.cM	log10pval
S1_69121	1	1	0.185010400220716	0.467745485297885
S1_80410	1	2	0.223173359000347	0.403012881321071
S1_577509	1	3	1.7693568191779	0.384297297804704
S1_821014	1	4	2.3936890811088	0.251755713172481
S1_1348345	1	5	3.86903532055653	0.472930677004577
S1_1536966	1	6	4.43807942000248	0.563782862575464
S1_2369035	1	7	6.94831929139483	0.121315317189452
S1_2464406	1	8	7.23604072648562	0.569903057470709
S1_3215055	1	9	9.50064744686673	0.515993197769789
S1_3215185	1	10	9.50103963932106	0.515993197769736
S1_3258971	1	11	9.6331360916691	0.520055205869571
S1_3535871	1	12	10.4685060193897	0.577053300982544
S1_4216520	1	13	12.5219321874398	0.427993638395732
S1_4295319	1	14	12.7596581351988	0.368670641493285
S1_4319536	1	15	12.8327175557102	0.618271671632816
S1_4468470	1	16	13.2820313325796	0.355869515729136
S1_4530839	1	17	13.4701901878415	0.402511796674764
S1_4954126	1	18	14.4526258435254	0.452349291375931
S1_6837999	1	19	17.7425149780595	0.804828825050133
S1_7195981	1	20	18.3676744724409	0.827813119681918
S1_7590801	1	21	18.8691753151358	0.360643072513296
S1_7640689	1	22	18.9162940462446	0.360643072513283
S1_7816461	1	23	19.0823089918118	0.0973644142972064
S1_7953228	1	24	19.2114840939919	0.0812141054987256
S1_7990570	1	25	19.2467532500427	0.0668808159688465
S1_8308469	1	26	19.547005765693	0.356698420538736
S1_8429405	1	27	19.661228642244	0.0269204670538088
S1_9247933	1	28	20.5598009779263	0.205931335451263
S1_9785963	1	29	21.1990132087134	0.0511845264166343
S1_10044853	1	30	21.5065902107923	0.0474949497899759
S1_10291067	1	31	22.3720821708061	0.0678329572819446
S1_10322103	1	32	22.4930054600357	0.720507996779397
S1_10934969	1	33	24.8808702807926	0.705073836019153
S1_11491133	1	34	27.4588430485259	0.757252146339422
S1_12122546	1	35	31.3430996583726	0.682858427117441
S1_12769005	1	36	34.9645040460767	0.441959268233811
S1_12903694	1	37	35.7190195460164	0.0304863248634015
S1_12938971	1	38	35.9166380842145	0.0351620217792323
S1_13871452	1	39	41.1403116425542	0.584370917260856
S1_14127467	1	40	42.5744843345859	0.181654699187913
S1_14160192	1	41	42.7578068014208	0.29425186569357
S1_14246694	1	42	43.2423831200197	0.22253485809122
S1_14357627	1	43	43.863819673523	0.223623597208339
S1_14478464	1	44	44.5407375321916	0.194242952898449
S1_15769166	1	45	50.0936160582495	0.108233649283397
S1_16615608	1	46	53.28276712133	0.0564141734115305
S1_17464476	1	47	56.3110173100375	0.0594526082180925
S1_18083382	1	48	58.321375547432	0.0427861756858799
S1_19061369	1	49	61.4981167997624	0.0359806043747516
S1_19274458	1	50	62.1427991146122	0.0746489043213329
S1_19605364	1	51	62.8595946856167	0.0631260412945867
S1_19767176	1	52	63.2101054800277	0.0472292547641688
S1_19980462	1	53	63.6721172300632	0.0672076465463098
S1_20172421	1	54	64.0879312709523	0.0219968667904193
S1_20257881	1	55	64.2730513639637	0.0205718898513371
S1_20393420	1	56	64.5666506184299	0.0205718898513126
S1_21649576	1	57	67.2876863726642	0.0308969960233404
S1_21991976	1	58	67.9542526185215	0.0144180374459686
S1_24550189	1	59	70.5806285794195	0.507628176487144
S1_24932099	1	60	70.7495516077366	0.623813157538456
S1_27527703	1	61	71.8976160417449	0.494819500057
S1_30434648	1	62	73.1833900527722	1.06875618918464
S1_31744171	1	63	73.7626065980602	0.570936365775586
S1_42275014	1	64	78.4205152422237	0.397582899213255
S1_42953211	1	65	78.7204892964135	0.397582899218118
S1_45747234	1	66	81.7870829226376	0.804507964875927
S1_46296903	1	67	82.5201007573659	0.440718340291884
S1_47398173	1	68	86.7391005969062	0.397797065434067
S1_47563214	1	69	87.6025068751719	0.0876068341999672
S1_49580072	1	70	91.0652776318668	1.00664237075804
S1_49751212	1	71	91.1150811895765	1.10704545600778
S1_49951229	1	72	91.1732882609942	1.290888213056
S1_50005399	1	73	91.1890523063439	1.20914627944809
S1_50773679	1	74	92.2626552304415	0.496467762928545
S1_51025171	1	75	93.2946271632722	1.40311767752941
S1_51962953	1	76	97.1427205543696	0.545888149905799
S1_52201162	1	77	98.1201870429564	0.349599853222165
S1_52546635	1	78	99.5378004841428	0.169149514246751
S1_52728980	1	79	100.286034710647	0.150358052574654
S1_52794182	1	80	100.553584509306	0.196689702266732
S1_53232083	1	81	102.350466880748	0.450472814144939
S1_53387610	1	82	102.988656162305	0.448503565378824
S1_53562386	1	83	103.705831764441	0.271286729927431
S1_53790631	1	84	104.893179235576	0.869918809942718
S1_54059538	1	85	106.394938216999	0.860816565582509
S1_54073544	1	86	106.473157215738	0.107206316428815
S1_54147699	1	87	106.88728900579	0.520921982482779
S1_54166471	1	88	106.992124579424	0.391099047264086
S1_54658615	1	89	109.740590302345	0.833421614965517
S1_54826620	1	90	110.820573475585	0.376998964744512
S1_55032126	1	91	112.225998892986	0.80988786288653
S1_55087219	1	92	112.602771846189	0.777021842360558
S1_55278866	1	93	113.913417593605	0.184954819191844
S1_55522436	1	94	115.579157128784	0.522847048504236
S1_55534315	1	95	115.660395868934	0.402938621068182
S1_55555614	1	96	115.806056608597	0.404347742972516
S1_55948577	1	97	118.493472977453	0.42170883202219
S1_56700495	1	98	123.635729986987	0.205300190373612
S1_57171506	1	99	125.849603528204	0.548757847585463
S1_57899205	1	100	129.061796635808	0.474416394008621
S1_58059874	1	101	129.800346760142	1.01698775397639
S1_58064651	1	102	129.822305283217	1.0169877539797
S1_58535343	1	103	131.985943789234	1.05025489898289
S1_58566177	1	104	132.127678999721	1.05025489898285
S1_59638668	1	105	135.562080661405	1.20260682127653
S1_60059960	1	106	136.536409394232	1.33758879132941
S1_60455872	1	107	137.37516748393	1.18057800933089
S1_60488338	1	108	137.431283415059	1.18057800933306
S1_60492502	1	109	137.438480690277	1.18057800933231
S1_61358374	1	110	138.93509910704	0.930463096129448
S1_61387518	1	111	138.985473119756	0.930463096111802
S1_62006301	1	112	140.055009995622	0.993142653750316
S1_62139027	1	113	140.284420550511	0.731997509924131
S1_62314870	1	114	140.588356781569	0.731997509924076
S1_62807239	1	115	141.439393093222	0.267104871287747
S1_63726977	1	116	143.094311249966	1.28396866697439
S1_63860710	1	117	143.510675289836	0.92308647500199
S1_63926817	1	118	143.716492684074	0.923086475003118
S1_64118447	1	119	144.298632531053	0.793363233584716
S1_64241693	1	120	144.648745530344	1.61394733604387
S1_64264160	1	121	144.712569011472	0.793363233583147
S1_64442291	1	122	145.218597431679	0.594207217305016
S1_65062431	1	123	146.980269821701	0.655663521856623
S1_65208402	1	124	147.39493921965	0.655663521857753
S1_65506707	1	125	148.242353807171	0.559021001560604
S1_65620854	1	126	148.566618680109	0.842225174374021
S1_65753016	1	127	148.942059945646	1.66857025346402
S1_65764405	1	128	148.974413425263	1.66857079661499
S1_65924556	1	129	149.429364879668	1.26595579375162
S1_66067142	1	130	149.834418286001	1.09335687905276
S1_66256472	1	131	150.372260440358	1.09335687905268
S1_66257501	1	132	150.375183588178	1.09335687905272
S1_66353620	1	133	150.648235138565	0.600584121456426
S1_66633038	1	134	151.441996185869	0.832346853642829
S1_67379507	1	135	153.562539655581	1.06693038695182
S1_67741885	1	136	154.59197061851	0.741136719042028
S1_67742231	1	137	154.592953523414	0.639361778447562
S1_68199054	1	138	156.05479506416	0.186520971590454
S1_68248809	1	139	156.358415576162	0.186520971590788
S1_68332651	1	140	156.870045582539	0.843649764538266
S1_68409002	1	141	157.335963172969	0.502396123171014
S1_68468156	1	142	157.696939311387	0.465246711262866
S1_69322581	1	143	162.952476679979	0.393408663940473
S1_69574118	1	144	164.534242450208	0.793815636495098
S1_69661822	1	145	164.923377735423	0.793815636496081
S1_70494660	1	146	168.219022339763	0.392764877876893
S1_70775581	1	147	169.330662031871	0.198841134604793
S1_71291891	1	148	171.373765571415	0.271957887323674
S1_71451508	1	149	172.005390094804	1.01671754514729
S1_71500355	1	150	172.198683810975	0.992503686072097
S1_72238937	1	151	174.775493909356	0.682483437401978
S1_72456822	1	152	175.512063691773	0.120303942241895
S1_72799309	1	153	176.669855990786	0.149586036571393
S2_239937	2	1	0.735646556753299	0.443985463408936
S2_320245	2	2	1.07208719776142	0.443985463115424
S2_359530	2	3	1.23666694799806	0.443985463112361
S2_887548	2	4	3.93557050786034	0.583862001922489
S2_1015542	2	5	4.66523501918148	0.749758438941295
S2_1595777	2	6	7.32190313958623	0.0746705214248049
S2_1615180	2	7	7.3993825160925	0.0746705214254704
S2_1815372	2	8	8.1987821626184	0.0940308000089454
S2_1923802	2	9	8.89256898088145	0.0869439993328924
S2_2350151	2	10	11.6217556238081	0.206613362979253
S2_2723024	2	11	13.7964416906074	0.850268989066784
S2_2801214	2	12	14.2488894096407	1.0414464115072
S2_3136499	2	13	16.1890215681788	0.508026058767214
S2_4146385	2	14	22.0327434914899	0.854435254768727
S2_4207191	2	15	22.3845984090438	1.38882921470595
S2_4280985	2	16	22.8116086018862	1.2818524003961
S2_4350340	2	17	23.2129324483315	1.0378381169144
S2_4393023	2	18	23.4599183287701	0.810993941288543
S2_4717399	2	19	25.336925379661	1.16520294896459
S2_5597192	2	20	30.4278620220896	1.28743934282282
S2_5838483	2	21	31.8240963560616	1.10747277022459
S2_6020304	2	22	32.8762065584195	0.0742930268765414
S2_6054309	2	23	33.0729770493483	0.0742930268765413
S2_6459292	2	24	35.4164178294644	1.16114333903717
S2_6459752	2	25	35.4190796270185	1.16114333902596
S2_7044197	2	26	38.800980217253	0.749901167080412
S2_7131612	2	27	39.306808550279	0.554633620988104
S2_7423160	2	28	40.9938558400696	0.260522927972215
S2_7450840	2	29	41.1540266146296	0.554633618276852
S2_7741515	2	30	42.8360222755838	1.14093213735402
S2_8407965	2	31	46.5535167414314	0.636173333859719
S2_8507799	2	32	47.0154209477906	0.2345187017317
S2_8729624	2	33	48.0417436492313	0.0367040568127099
S2_9316003	2	34	50.8160576264976	0.132296820867199
S2_9368890	2	35	51.1572343935483	0.268543088660461
S2_9509890	2	36	52.0668326720316	0.182677073892703
S2_9510658	2	37	52.0717870796761	0.182677073892703
S2_11554727	2	38	60.7031085893071	0.0915968152447111
S2_11825062	2	39	61.2359047122824	0.0747228780748105
S2_12090562	2	40	61.759171661253	0.0747228780709087
S2_14136059	2	41	65.7905877603806	0.0479979750256308
S2_14902498	2	42	67.3011421750775	0.0828432080368756
S2_15573601	2	43	68.6238013813109	0.0174897535911523
S2_16399296	2	44	70.251141883873	0.0140254753356754
S2_16864878	2	45	71.1687451706361	0.0108136512802809
S2_17223726	2	46	71.8759892312922	0.0108136512802826
S2_20216806	2	47	73.1948640227334	0.0850364997767829
S2_20555295	2	48	73.2353058609067	0.0850364997767792
S2_23343839	2	49	73.5684742805223	0.103680331909367
S2_29154435	2	50	74.2627100847071	0.103680331909399
S2_29752235	2	51	74.3341337671903	0.103680331909391
S2_40902628	2	52	75.6663554620615	0.312417684705567
S2_42423541	2	53	75.8480704289341	0.0719974597970408
S2_45960074	2	54	76.2706067455669	0.174770012924547
S2_50031531	2	55	76.7570544739236	0.239261613833754
S2_54252728	2	56	78.1344256239858	0.050456016541764
S2_54979337	2	57	78.9764125262421	0.110605015109895
S2_56210301	2	58	82.2847570254369	0.287344421652442
S2_56718054	2	59	83.8562709505373	0.100803594647425
S2_56723114	2	60	83.8886126986803	0.100803594647424
S2_57129839	2	61	86.4882564760397	0.207069065320671
S2_57414700	2	62	88.3089882384403	0.00680203777085967
S2_57818206	2	63	90.888057294995	0.0528796116856408
S2_58167537	2	64	93.1208587219758	0.625830567487558
S2_58651554	2	65	96.2145258980436	0.647062799970922
S2_58830631	2	66	97.3591233747618	0.731964014380316
S2_59002688	2	67	98.458851469669	0.693653571712595
S2_60825062	2	68	110.243708489891	0.564715969251397
S2_60958217	2	69	111.164272011999	0.647065560637103
S2_60999158	2	70	111.447316517714	0.682235210712262
S2_61043915	2	71	111.756742837109	0.682235210714749
S2_61306680	2	72	113.573361618879	1.16917538630474
S2_61701783	2	73	116.184148550783	1.06544284657401
S2_61930266	2	74	117.637077772286	0.998133834869593
S2_62339499	2	75	120.010450974957	0.624999002507368
S2_62934973	2	76	121.827258287951	0.989493854794741
S2_63376716	2	77	123.175028153409	0.632810411579059
S2_64179959	2	78	124.978010221978	0.471887248245142
S2_64799664	2	79	125.87017973787	0.929314405988881
S2_65204747	2	80	126.685845120311	0.929314405995105
S2_65791761	2	81	128.304221514799	0.680172619573738
S2_66037597	2	82	128.981982486966	0.415348098456121
S2_66550632	2	83	130.396401450647	0.798635067706056
S2_66599932	2	84	130.532319769883	1.2088769168158
S2_66677916	2	85	130.747318841026	0.451218619427769
S2_67097571	2	86	131.904292517682	0.550983639943953
S2_67651093	2	87	133.430332677934	0.647439167267114
S2_67692237	2	88	133.543765199773	0.647439167267086
S2_67721219	2	89	133.623667526915	0.647439167267114
S2_67804684	2	90	133.853777517078	0.647439167264251
S2_67815023	2	91	133.882281766624	0.647439167267114
S2_67953532	2	92	134.264146076545	0.668539288771264
S2_68175602	2	93	134.907656975018	0.421381479121807
S2_68204910	2	94	134.992836536967	0.421381479125771
S2_68384967	2	95	135.516146772596	0.487132796871132
S2_68532720	2	96	135.945569995493	1.09032348001869
S2_68803538	2	97	136.732664256714	0.432952414043397
S2_69513053	2	98	138.897301551731	0.833279841027438
S2_69756905	2	99	140.36713940027	1.14781244967949
S2_69775924	2	100	140.481777976297	0.364630641983274
S2_70071595	2	101	142.263959080063	1.29155606623788
S2_70207058	2	102	143.080473377574	1.1919903988573
S2_70884528	2	103	146.953174906009	0.735441648771263
S2_71087273	2	104	147.468845567306	0.735441648771263
S2_71257152	2	105	147.90092338067	0.512164294337637
S2_71292499	2	106	147.990826514482	0.53932911990275
S2_71441038	2	107	148.368627221569	0.539329119902806
S2_71657677	2	108	148.91963650117	0.51764218956921
S2_71761150	2	109	149.182814337055	0.517642189569374
S2_71812245	2	110	149.312771635331	0.517642189569918
S2_71991333	2	111	149.768272029374	0.564492269240173
S2_72423328	2	112	150.867027349243	0.109905852579748
S2_72584775	2	113	151.277658838328	0.0701841184526882
S2_72685975	2	114	151.535055424795	0.22587964776213
S2_73821791	2	115	155.565063087256	0.260657406812537
S2_73952422	2	116	156.084578511618	0.260657406817424
S2_74413458	2	117	157.982287362396	0.0522529591939559
S2_74644690	2	118	159.171636057225	0.26811561386495
S2_74738945	2	119	159.656439463462	0.239076564678684
S2_74819567	2	120	160.071121127221	0.400269538890284
S2_74853165	2	121	160.243933443202	0.0880403569675402
S2_74981707	2	122	160.905093057488	0.239137557434619
S2_75280978	2	123	162.444402379944	0.419209084967801
S2_75861837	2	124	165.432067986475	0.269879970617705
S2_76696934	2	125	169.727414335618	0.132057699346183
S2_76842190	2	126	170.474542907857	0.0465501367754587
S3_864344	3	1	3.31696827041796	0.0927618917738879
S3_1188268	3	2	4.67554346256635	0.0747322172902503
S3_1612815	3	3	6.75569352219175	0.130616623109355
S3_1925604	3	4	8.28826366636935	0.241492216032266
S3_2053526	3	5	8.91504222310724	0.545787969053785
S3_2279295	3	6	10.0212410628389	0.0271502628703761
S3_2480144	3	7	11.0053395474018	0.109175388779238
S3_2511972	3	8	11.1612869833694	0.0213147324528655
S3_2701286	3	9	12.088867506581	0.0222876226155731
S3_2877263	3	10	12.9511008212498	0.0586750809797006
S3_2965312	3	11	13.3825139100244	0.130195134517935
S3_4558141	3	12	20.4353520819623	0.161773499457469
S3_5102377	3	13	22.4095882230113	0.326743039598866
S3_5224331	3	14	22.8519808511092	0.625013372090369
S3_5604744	3	15	24.231943023999	0.127017218826407
S3_6188219	3	16	26.3485200832133	0.289235483782774
S3_6642629	3	17	27.9969090998422	0.111899786813455
S3_6779771	3	18	28.6059695479593	0.460115642139319
S3_6931291	3	19	29.7566132267876	0.175680825315557
S3_7330931	3	20	32.7914814937288	0.099198821337624
S3_7433944	3	21	33.449192928792	0.0870829387430872
S3_7508911	3	22	33.7664788390385	0.150675775970018
S3_7657299	3	23	34.3945074602939	0.127065950442852
S3_7692949	3	24	34.5453904181325	0.127065950440678
S3_7707914	3	25	34.6087274016964	0.139943317187143
S3_7874841	3	26	35.3152193933689	0.109785885336989
S3_7948040	3	27	35.6250225246685	0.00720229147126722
S3_7960292	3	28	35.676877167009	0.0072022914900354
S3_8005248	3	29	35.8671462905038	0.00720229150253451
S3_8084317	3	30	36.2017932636691	0.10084674042901
S3_8200765	3	31	36.6946409123196	0.254626156953231
S3_8326061	3	32	37.2249363144331	0.226382320556846
S3_8410783	3	33	37.5835087114598	0.26844389554439
S3_8713533	3	34	38.8766875768691	0.228236398003389
S3_8723362	3	35	38.9186742466086	0.345893165597409
S3_9620617	3	36	42.7928335903196	0.044215164208628
S3_9777799	3	37	43.9337069374243	0.236604022134884
S3_10231153	3	38	47.2242840735043	0.13644527507042
S3_10413437	3	39	48.0593376048902	0.228236398003388
S3_10949549	3	40	49.7295360864486	0.524208344372115
S3_11372208	3	41	51.1297430104398	0.373000262232325
S3_12324006	3	42	54.7941896049674	0.0448370586926
S3_12335263	3	43	54.8375293423009	0.0448370586926051
S3_12384140	3	44	55.0257070398804	0.044837058695493
S3_12469475	3	45	55.3542489680458	0.16141916514709
S3_14161518	3	46	61.5582322526163	0.078177524686445
S3_14191041	3	47	61.5781295778393	0.078177524686445
S3_14961414	3	48	62.0973302730262	0.00691321652266893
S3_15625725	3	49	62.5450494078093	0.0192204333855854
S3_17369070	3	50	63.719994448654	0.720222830074689
S3_21015030	3	51	66.1772261618937	0.720222831168544
S3_21341323	3	52	66.3971346379626	0.720222831166193
S3_21677918	3	53	66.6239862513972	0.720222831166763
S3_22847214	3	54	67.4120451476452	0.720222831166189
S3_23458101	3	55	67.8237586358913	0.72022283116786
S3_25861668	3	56	69.4436669885053	0.200970215320626
S3_27331335	3	57	70.3939934519149	0.720222831166321
S3_33291164	3	58	70.5507951888854	0.611565722423902
S3_42069336	3	59	70.7817468851548	0.753992820909206
S3_45964617	3	60	71.3349945560812	0.720222831166923
S3_46902618	3	61	71.6468138257904	0.720222831166187
S3_50671111	3	62	76.3910047234453	0.385733387567049
S3_51446043	3	63	78.129846963293	1.01204405792585
S3_51849926	3	64	79.0361056032206	1.31207522711274
S3_51871058	3	65	79.0835229433388	1.31207488841494
S3_51938185	3	66	79.234146821349	0.909824025266228
S3_51968827	3	67	79.302903310839	0.909824025266209
S3_52009954	3	68	79.3951867173807	0.929786449881652
S3_52450636	3	69	80.3840173192149	0.89991403088747
S3_53209811	3	70	82.5805270859545	0.942850029482568
S3_54110277	3	71	85.2255505944496	0.923023624715822
S3_54756995	3	72	87.1468199819469	0.919002554060119
S3_56309648	3	73	95.9057281495205	0.242480164384986
S3_56678699	3	74	98.3338463819833	0.223880496401779
S3_57010955	3	75	100.519877178391	0.0624778188592268
S3_57017145	3	76	100.56060339742	0.0624778188588535
S3_57062382	3	77	100.858233764177	0.0512082436998529
S3_57203763	3	78	101.788429817904	0.22846854987195
S3_57327496	3	79	102.602513381577	0.392797760561368
S3_57359897	3	80	102.815691123543	0.689230064640457
S3_57705954	3	81	105.092523624122	1.03136670586416
S3_57840534	3	82	105.919688282245	0.888013231867934
S3_57843483	3	83	105.935131370861	0.919786898070656
S3_58096479	3	84	107.260000698587	1.31019937572611
S3_59243960	3	85	113.066584643171	0.799362003191702
S3_59243981	3	86	113.066682083039	0.799362003191678
S3_59302355	3	87	113.337537074961	0.799362003182001
S3_59569295	3	88	114.576136991768	0.313071929434618
S3_60275948	3	89	117.85500245596	0.799070891169436
S3_60868483	3	90	120.604361119724	0.842331498214446
S3_61327351	3	91	121.912921695737	0.205816279389545
S3_61402596	3	92	122.087487636297	0.178567678619983
S3_61405502	3	93	122.094229461312	0.178567678619984
S3_62404529	3	94	124.411939447354	0.0191459002110547
S3_62407789	3	95	124.419502540798	0.0191459002110444
S3_62441685	3	96	124.498140152882	0.0191459002110544
S3_63071338	3	97	125.958914532194	0.0484718094557521
S3_63771409	3	98	127.58305636984	0.00486171751613055
S3_64378003	3	99	128.990334622853	0.00116197881077076
S3_64914217	3	100	130.249945899004	0.0138868755783811
S3_65138275	3	101	130.826913875448	0.0939536300501759
S3_65707360	3	102	132.29235505976	0.0385350515340081
S3_65765669	3	103	132.442505582118	0.0385350515340055
S3_65903342	3	104	132.797025002183	0.212711958471251
S3_66117269	3	105	133.346858226029	0.294641093107724
S3_66258910	3	106	133.709141362517	0.030793975204831
S3_66773110	3	107	135.024339566302	0.0280291176170893
S3_66845101	3	108	135.2084749881	0.027880933278265
S3_66881436	3	109	135.301411057206	0.00972411084212758
S3_67211263	3	110	136.145028089411	0.0278815229997983
S3_67570498	3	111	137.063863613986	0.0459526112758696
S3_68072189	3	112	138.347066846298	0.238477948839954
S3_68200686	3	113	138.675730836169	0.0331285554879654
S3_68504510	3	114	139.452838535638	0.0329442709657325
S3_69214403	3	115	141.816425135479	0.0666701968299191
S3_69597851	3	116	143.347598637725	0.393407960153441
S3_69760827	3	117	143.998389703794	0.0167367223368648
S3_69914381	3	118	144.611557111015	0.0470365627336191
S3_70668638	3	119	147.683494151135	0.496585417693795
S3_70748393	3	120	148.084746636041	0.445570368564497
S3_70836082	3	121	148.525915580294	0.198332062657561
S3_70906601	3	122	148.880701160923	0.0726812538491517
S3_71084325	3	123	149.774841924856	0.0996453114228933
S3_71440989	3	124	151.569241226173	0.196159817983601
S3_71454022	3	125	151.634811079296	0.1961598179836
S3_71691801	3	126	152.831092373365	0.0897840523582363
S3_71793128	3	127	153.340874964275	0.262524050451753
S3_71819433	3	128	153.473217094743	0.287655100169497
S3_71900772	3	129	153.88243878454	0.234909969284063
S3_72146437	3	130	155.143118261217	0.277003623603595
S3_72146643	3	131	155.144177415354	0.277003623603595
S3_72237591	3	132	155.611788825246	0.104270121860275
S3_72422287	3	133	156.561407914851	0.0493267127297329
S3_72460418	3	134	156.757459402191	0.00397407501288025
S3_72682468	3	135	157.899135014261	0.152149901951288
S3_72724091	3	136	158.113140706678	0.160360376819258
S3_72927543	3	137	159.159194237985	0.355421216680815
S3_73190988	3	138	160.451109704031	0.20196377973682
S3_73254172	3	139	160.684106070906	0.0447723115686109
S3_73504795	3	140	161.608299671429	0.175494993863025
S3_73773897	3	141	162.600636154065	0.217177001108893
S4_518538	4	1	1.80595165981309	0.874138943238916
S4_2281818	4	2	8.60105235882204	1.91099465044132
S4_2869689	4	3	10.7993243514	0.78821340691999
S4_3099564	4	4	11.6589139115141	0.769588944340354
S4_3130471	4	5	11.7744868730561	0.769588944339839
S4_3670902	4	6	13.7953627645712	0.766794211139836
S4_3831164	4	7	14.3946429911422	0.828807323699879
S4_4247711	4	8	15.9522697556745	0.840505754640796
S4_4558389	4	9	17.114012291214	0.258374091174364
S4_4630054	4	10	17.3819948287913	0.314220936066426
S4_4756226	4	11	17.8537996530598	1.2435297218313
S4_4933903	4	12	18.5182011507103	1.09088783422693
S4_5373498	4	13	20.0490110240812	0.184860414687052
S4_5469490	4	14	20.3729712672672	0.184860414687053
S4_6112868	4	15	22.544286515835	0.0450640961008443
S4_6766267	4	16	25.5251455146263	0.694977386432219
S4_6791790	4	17	25.6818659851935	0.694977387271445
S4_7980358	4	18	32.3153019920216	0.480733991697199
S4_8759185	4	19	36.3712792983963	0.836431572712322
S4_9835711	4	20	41.8502721371714	0.941910113637473
S4_10312807	4	21	44.2672132267112	1.10787099202292
S4_11075519	4	22	48.131068661016	1.28303632152906
S4_12456643	4	23	55.1277639704498	1.25042186208641
S4_13011269	4	24	57.9374676123313	1.2504218620863
S4_13309050	4	25	59.304593572951	0.569474373924346
S4_13908419	4	26	59.3432575015595	0.569474373924339
S4_14707376	4	27	59.3947963973138	0.569474373924346
S4_22685111	4	28	59.9094219059703	0.692192467572183
S4_34118738	4	29	60.6469791337628	0.756043349917897
S4_37902443	4	30	60.8910573226512	0.783180556260781
S4_39295508	4	31	60.9809207718904	0.783180556260781
S4_43108567	4	32	61.2268925204396	0.718326007323328
S4_43241984	4	33	61.235498947137	0.718326007323328
S4_47760831	4	34	61.8509215908057	0.560042506553251
S4_47941778	4	35	62.0186205076324	0.56005262778884
S4_48445544	4	36	62.7276490305737	0.0506631950450444
S4_50078008	4	37	66.4882222412775	0.885421536542867
S4_50266230	4	38	67.7034143374689	0.799560682545072
S4_50344117	4	39	68.2062655811921	1.0946425345302
S4_50462556	4	40	68.9709271865349	1.31333454112497
S4_50524468	4	41	69.3706412107159	1.31333454112494
S4_51327034	4	42	74.5521389095608	0.947574333091321
S4_51377481	4	43	74.8778330137387	1.31553856032729
S4_51414196	4	44	75.1148710741762	0.276210525834633
S4_51702666	4	45	76.9772806967939	0.216166765556067
S4_52111692	4	46	79.3724372630659	0.0638629478303165
S4_52207331	4	47	79.7434346277421	0.0826506045497225
S4_52289086	4	48	80.0605739699467	0.269615837751111
S4_52519450	4	49	80.9541888855801	0.403876917857396
S4_52814501	4	50	82.0987339293915	0.646182214228345
S4_53692248	4	51	85.5036401272025	0.306317185291944
S4_53777496	4	52	85.8343293161726	0.306317185270088
S4_54163366	4	53	87.3311742550324	0.61394251792073
S4_54584296	4	54	88.9640219501479	0.211611521673687
S4_54990006	4	55	90.5378290876418	0.540789956129885
S4_55719494	4	56	93.3093762241741	0.48312872925534
S4_55937022	4	57	93.967641468137	0.483128729255916
S4_56120807	4	58	94.5237964360571	0.794791997902221
S4_57094537	4	59	98.0416686747263	0.626156081137284
S4_57100335	4	60	98.0643079145414	0.721028149446806
S4_57153196	4	61	98.2707123394929	0.554381246410123
S4_57231239	4	62	98.575444004359	0.721028149445585
S4_57344604	4	63	98.9278842768727	0.671633644059976
S4_57430384	4	64	99.1225010308247	0.734137847930067
S4_57516330	4	65	99.3174944038156	0.735699944681256
S4_58123182	4	66	102.785390755746	0.748896050631857
S4_58236768	4	67	103.325120762446	0.0482692132626954
S4_58274949	4	68	103.506546566557	0.684112487108291
S4_58824987	4	69	105.560814678071	0.68704092610628
S4_59050365	4	70	106.09565182041	0.623396648540382
S4_59440407	4	71	107.021247702315	0.882378094263454
S4_59587518	4	72	107.370351993092	0.882378094263402
S4_59943473	4	73	108.215057132907	1.03399047235103
S4_60082334	4	74	108.544583619175	0.551435974989135
S4_60660427	4	75	109.98145965729	0.622164635796393
S4_60665543	4	76	110.00054519656	0.622164635785412
S4_61113510	4	77	111.671712469866	0.796294280635542
S4_61704639	4	78	113.748426985096	0.634133007824459
S4_61744542	4	79	113.868908534165	0.634133007824562
S4_62202164	4	80	115.603634137858	0.343358701553908
S4_62252006	4	81	115.87273964812	0.431200999300229
S4_62527347	4	82	117.359352952177	0.12938386497985
S4_62958009	4	83	119.684570986367	0.333948413787052
S4_63984116	4	84	125.224698746441	0.560870034416296
S4_63984534	4	85	125.226955600165	0.560870034416354
S4_64008481	4	86	125.356249562169	0.784012097913941
S4_64052036	4	87	125.59141048066	0.784012097914039
S4_64277272	4	88	126.807498292329	0.419502002249414
S4_64341842	4	89	127.15612280173	0.784012097901922
S4_64361203	4	90	127.260656162834	0.299178706567553
S4_64704717	4	91	129.115347191522	0.517013397498637
S4_64798089	4	92	129.619478640985	0.482955800020124
S4_65429659	4	93	133.029433440464	0.7560463043631
S4_65543651	4	94	133.64489580806	0.723153723685895
S4_65768490	4	95	134.858840148608	0.548786374041003
S4_65871492	4	96	135.414965620458	0.316136183935028
S4_65897797	4	97	135.556990829066	0.313109115217914
S4_65941925	4	98	135.795245472876	0.498056194942398
S4_66339784	4	99	137.943354481484	0.170177841065154
S4_66397257	4	100	138.253661070129	0.012334607621362
S4_66582434	4	101	139.253463467176	0.385939390481632
S4_66583792	4	102	139.260795542192	0.389170257576063
S4_66633118	4	103	139.527115079914	0.0818049866538806
S4_66633201	4	104	139.527563211156	0.0818049866538817
S4_66634253	4	105	139.533243139666	0.0552517245355173
S4_66758323	4	106	140.203118358519	0.16136832996996
S4_67319239	4	107	142.480827323262	0.349347335888207
S4_67620601	4	108	143.643245182482	0.0334672284606497
S5_49840	5	1	0.0433299622980599	1.03320781042605
S5_345243	5	2	1.14562076945735	1.31704856659472
S5_459688	5	3	1.57267016105238	1.5359237350157
S5_917154	5	4	3.27969604226527	0.965961898004707
S5_1481646	5	5	5.3860874543869	2.21099361356881
S5_1734280	5	6	6.72370269933511	1.72539601487073
S5_1858785	5	7	7.52586734483331	0.195634421974891
S5_2300662	5	8	10.3728060786898	3.12995497608906
S5_2802165	5	9	13.6111765606606	3.65481697085046
S5_3786904	5	10	21.295115989223	2.34230039086959
S5_3861674	5	11	21.8077013748465	1.95406602328185
S5_3861704	5	12	21.8079070397063	1.95406602328055
S5_4369862	5	13	25.2915818342449	0.0524583582974307
S5_5263658	5	14	31.1649032537057	0.7290267924209
S5_5299509	5	15	31.3671212881735	0.0624245530743097
S5_5900206	5	16	34.7553605744063	0.0114826163927917
S5_5943525	5	17	34.9997019605633	0.0015604528528032
S5_6289811	5	18	36.9529326733393	0.129052907091279
S5_6485690	5	19	38.0577907351375	0.0183308913323585
S5_7930582	5	20	44.7359578177105	0.224285206421864
S5_7945929	5	21	44.7773833505443	0.224285207987285
S5_8759638	5	22	46.9737949551999	0.788117586028487
S5_8781211	5	23	47.0320260765802	0.791074664358915
S5_8787464	5	24	47.0489045451285	0.791074664371942
S5_10266276	5	25	51.7719521312062	0.0831162223411321
S5_10470994	5	26	52.4526196152072	0.257764743959286
S5_10862708	5	27	53.7550306529664	0.00484966116134894
S5_12792819	5	28	58.073187281949	0.502281352401216
S5_13296375	5	29	58.4394857249851	0.268663075323221
S5_13493896	5	30	58.5831671323498	0.291742256444552
S5_13543390	5	31	58.6191702286085	0.389941071507279
S5_13707271	5	32	58.7383811110986	0.232629814428875
S5_14661383	5	33	59.4324245542946	0.378510879116255
S5_14989664	5	34	59.6712238520457	0.378510879116235
S5_15878079	5	35	60.3174777568148	0.177261086236091
S5_16004923	5	36	60.409747056969	0.177261086236089
S5_16021128	5	37	60.4215349539843	0.177261086236031
S5_16214960	5	38	60.5625328962401	0.177261086236059
S5_16246011	5	39	60.5851201218013	0.177261086236089
S5_16980708	5	40	61.1195559486076	0.177261086236003
S5_18712356	5	41	62.3791973118056	0.183556291883745
S5_21863930	5	42	63.8327522465153	0.213053022054116
S5_28352926	5	43	64.9079225643588	0.213053022054118
S5_28353057	5	44	64.9079442699218	0.213053022054118
S5_35903834	5	45	66.1590424840454	0.305953618454671
S5_37141659	5	46	66.3641393432027	0.109314878889232
S5_37502889	5	47	66.4239920190118	0.305953618464268
S5_41916021	5	48	67.1552096889141	0.386236047677113
S5_42226572	5	49	67.2066652942768	0.386236047677098
S5_42618226	5	50	67.2715589628297	0.394484192946341
S5_44201943	5	51	67.5339671243178	0.454927900202359
S5_44231973	5	52	67.5389428346812	0.45492790020236
S5_45485115	5	53	67.7465775877991	0.244650951620362
S5_45546494	5	54	67.7567475553778	0.244650951620362
S5_46962407	5	55	69.4854634740737	0.450658984494323
S5_48233445	5	56	71.0319732107079	0.679680348926937
S5_48514677	5	57	71.3741565492494	0.428301976196867
S5_48598461	5	58	71.6075267964736	0.428301976205018
S5_48926942	5	59	72.5856037566748	0.314128830534346
S5_49363745	5	60	73.8862176443783	0.297573647214784
S5_49637325	5	61	74.7008227349979	0.271430329109175
S5_49653682	5	62	74.7495269365743	0.428301976208027
S5_51033201	5	63	77.6741701311875	0.164773339061379
S5_52255873	5	64	79.956969672638	0.427437773295938
S5_52796420	5	65	80.966202274458	0.167440717478955
S5_52909729	5	66	81.1777567496094	0.418177351974316
S5_53090793	5	67	82.2413208430226	0.00112252773283619
S5_54550186	5	68	90.9469655606608	0.00870023748317207
S5_54691715	5	69	91.7912214884628	0.122077077662523
S5_55104233	5	70	94.2519946644549	0.414104053614029
S5_55391137	5	71	95.7888209315959	0.0596694764657
S5_56233367	5	72	100.126518229866	0.458409730732006
S5_56607552	5	73	101.841110558449	0.173835136930958
S5_57661227	5	74	106.61552799734	0.048265023024876
S5_57661235	5	75	106.61556424698	0.0482650230249015
S5_57972699	5	76	108.194219363781	0.00206146186623383
S5_59361368	5	77	115.820010865608	0.61824893826531
S5_59499442	5	78	116.342879124343	0.695157800704398
S5_60002171	5	79	118.241164863492	0.90035218403457
S5_60002211	5	80	118.241314858641	0.900352184034566
S5_60061479	5	81	118.463562669573	1.46560194197576
S5_60541308	5	82	120.262863217453	0.110351846985337
S5_60991921	5	83	121.681094709083	2.09998484407796
S5_61065360	5	84	121.89242850131	2.01943558564131
S5_61160767	5	85	122.166979123119	1.6083044841709
S5_61549469	5	86	123.285446490523	1.76727598635202
S5_61919347	5	87	123.963928381568	2.30375334931296
S5_61995161	5	88	124.10299700984	2.40801169093985
S6_369079	6	1	1.20941791729912	0.401115836848368
S6_527716	6	2	1.78415925805342	0.13180421040163
S6_928913	6	3	3.23769469862911	0.314999197650909
S6_942247	6	4	3.28600373774116	0.346782542017978
S6_1007644	6	5	3.52293685839592	0.0514994424604818
S6_1279029	6	6	4.50616384050355	0.299688997550368
S6_1403090	6	7	4.95563644446933	0.16027462599058
S6_1486805	6	8	5.25893562020542	0.78400055552554
S6_3223338	6	9	18.4027574103496	0.633582675443727
S6_3407573	6	10	20.0470027852906	0.216364624265597
S6_3421278	6	11	20.1693160420744	0.216362276077095
S6_5889011	6	12	26.0162439330683	0.308103566665397
S6_6419191	6	13	26.118946332685	0.464845944440752
S6_6699671	6	14	26.1732787651503	0.479759060446441
S6_8171399	6	15	26.4583706154334	1.06362583646861
S6_8839311	6	16	26.5877534007757	0.706399990880664
S6_11167724	6	17	27.038795692825	0.119219307196194
S6_14120923	6	18	27.6108667325579	0.210990937250374
S6_15061276	6	19	27.7930246969978	0.210990937250187
S6_16687852	6	20	28.1081125131337	0.251606175537158
S6_17960117	6	21	28.3545659222557	0.251606175536019
S6_28189066	6	22	30.3360393989179	0.14835390646684
S6_30900072	6	23	30.8611946699112	0.458772676155875
S6_32718590	6	24	31.3025266260757	0.15898109986276
S6_35253189	6	25	32.7498078238791	0.210990937134444
S6_36754317	6	26	33.6069668182195	0.509479885342721
S6_38144090	6	27	34.4005410017944	0.0802932463075119
S6_40426219	6	28	36.4581192153707	0.439280020755871
S6_40947369	6	29	38.4075033936427	0.759076878074253
S6_41868861	6	30	41.8543841865128	0.307460099179582
S6_42525843	6	31	44.3118538520784	0.580050265864216
S6_42622674	6	32	44.674054407324	0.535448840395299
S6_44127668	6	33	50.3035497387916	0.18113380284829
S6_44894798	6	34	53.1730327756866	0.729486536117632
S6_44975837	6	35	53.476162670003	0.72948653609567
S6_46166183	6	36	57.9287035105852	1.1977496150292
S6_46462832	6	37	59.0383319613196	1.13718950015895
S6_46927192	6	38	60.7752906815007	0.743891527690541
S6_47967987	6	39	64.7317246366656	1.83379558961285
S6_48008108	6	40	64.8842982523126	1.8682992508067
S6_48236765	6	41	65.753843508737	1.21591286420845
S6_48327466	6	42	66.098764610225	1.44658526591514
S6_48534056	6	43	66.8552645526748	1.40654589064028
S6_48603072	6	44	67.0824352795871	1.40654589064733
S6_48720644	6	45	67.4694312907227	1.38183779802046
S6_49804958	6	46	71.0385225098773	3.70261566520752
S6_49828938	6	47	71.0835793201242	3.70269053908323
S6_49865663	6	48	71.1221014526788	3.2605492613764
S6_50776134	6	49	73.1691141819168	2.82065446814345
S6_50782316	6	50	73.1984859693523	1.87962289000367
S6_51031448	6	51	74.3821566499404	0.809317880991318
S6_51064862	6	52	74.5409125388714	1.64877471125866
S6_51271365	6	53	75.5220452177463	0.809208533300079
S6_51301819	6	54	75.6667376173844	0.809208533294066
S6_51455982	6	55	76.3991935970718	2.17554524700368
S6_51867661	6	56	78.3551541405339	1.79263308907479
S6_51977651	6	57	78.8777362984176	2.37548678102579
S6_52159683	6	58	79.7426028805058	1.33187515394634
S6_52347746	6	59	80.6361238220285	1.07564080331424
S6_52393824	6	60	80.8550486394752	1.10649033735409
S6_52444694	6	61	81.0766501722823	1.06851080160497
S6_52724189	6	62	81.5271474976278	0.768492098999642
S6_53057882	6	63	83.2246363481864	1.2002652649031
S6_53415136	6	64	85.0419794803991	0.225232371524319
S6_53812892	6	65	87.065355383528	0.367203173835355
S6_54717049	6	66	91.0612310300988	0.344361383427286
S6_55196124	6	67	92.7968628764748	0.0484924995820603
S6_55376993	6	68	93.471357943998	0.0570748014523103
S6_55977131	6	69	96.725929286552	0.509413649364667
S6_56180907	6	70	97.8465472392174	0.656640978901561
S6_56365681	6	71	98.8626681837142	0.414356508566915
S6_56404360	6	72	99.0753742030253	0.414356508566867
S6_56467292	6	73	99.4214538640116	0.440563343234047
S6_56854221	6	74	101.241230557938	0.373839103285262
S6_57963392	6	75	104.583898612574	0.188141378491528
S6_58065851	6	76	104.892675551576	0.1881413784912
S6_58208536	6	77	105.322680114782	0.342184487525444
S6_58288835	6	78	105.564674272689	0.0770034975959135
S6_59240106	6	79	108.492372168435	0.0364401803136271
S6_59368446	6	80	108.919076656532	0.0961002944080064
S6_59403831	6	81	109.038690831461	0.0961002944080609
S6_59417396	6	82	109.084545467122	0.0961002944080076
S6_59503896	6	83	109.376946940382	0.153514505247322
S6_59667751	6	84	109.930836459467	0.190350370529969
S6_59686464	6	85	109.994093208243	0.190360747311995
S6_60268198	6	86	111.960565793733	0.0609925448075057
S6_60456267	6	87	112.596307443148	0.100094284961858
S6_60971505	6	88	114.337999353889	0.00993966132387815
S6_61087380	6	89	114.729699015321	0.0131321361944814
S6_61542271	6	90	115.954878090868	0.0261048552638313
S6_61647254	6	91	116.151244015758	0.0261048552639058
S7_399345	7	1	1.97746248046952	0.274559869323191
S7_403142	7	2	1.99727896152337	0.274559869320813
S7_408881	7	3	2.02723070889447	0.274559869323144
S7_1289088	7	4	7.74829175112722	0.468242118930089
S7_2726298	7	5	16.8385141647093	0.738011502676569
S7_2901548	7	6	17.9377325683867	0.513130572246787
S7_3280151	7	7	20.2790755773935	0.384594748932945
S7_3552077	7	8	21.9595184959759	0.771835701410289
S7_4227535	7	9	27.5354084038375	0.669663005126322
S7_4467133	7	10	29.851790876917	0.674308400330721
S7_5265050	7	11	37.4456627397542	0.109784367418639
S7_5430210	7	12	38.1521323696939	0.0195530918736617
S7_5494512	7	13	38.4271832908878	0.0195530918736457
S7_7599670	7	14	50.173649339614	0.980020322303482
S7_7688367	7	15	50.4553919564882	0.647485108847232
S7_9512280	7	16	54.4583097445639	0.183240194823785
S7_9883894	7	17	54.5306551229018	0.183240194823781
S7_10305618	7	18	54.6127558573579	0.183240194823781
S7_14364334	7	19	55.4029019352399	0.0991261708465205
S7_21104817	7	20	56.7151312721731	0.0512593183421222
S7_23504604	7	21	57.1823189950397	0.0553888362616879
S7_24148899	7	22	57.3077495911319	0.0553888362710493
S7_27475127	7	23	57.9552957629609	0.0512593183421585
S7_37560437	7	24	59.9186921032626	0.073214711737597
S7_38842116	7	25	60.1682078700602	0.0680884236753793
S7_45933121	7	26	61.5486764194712	0.0512593183421228
S7_48708075	7	27	62.0889012145549	0.323119041121993
S7_48844393	7	28	62.1154394431584	0.068088423675281
S7_50424641	7	29	62.423080273234	0.0772402682722715
S7_51026356	7	30	62.5402214447899	0.00499903110838333
S7_51615093	7	31	62.7147955303256	0.00499903110818735
S7_53460089	7	32	67.7854318823755	0.59927683189907
S7_53572239	7	33	68.3043820135836	0.308003468060863
S7_54194222	7	34	71.4937650481513	0.303087282547
S7_55181547	7	35	76.5565362245413	0.959541539847098
S7_55694037	7	36	79.1844648196727	0.590697363446716
S7_55708139	7	37	79.2567765702406	0.596906864037857
S7_55934608	7	38	80.4180565191388	0.914083976162163
S7_56281258	7	39	82.1846166761183	0.639106137348438
S7_57072685	7	40	86.1138381132587	0.858933102437624
S7_57406105	7	41	87.7691784182665	0.636234472281746
S7_57504955	7	42	88.4390714027729	0.658123883309289
S7_58118739	7	43	94.0896811859126	0.74333108903143
S7_58132748	7	44	94.2186506482186	0.743331089030982
S7_58409460	7	45	96.5250506439316	0.78926487757659
S7_58487675	7	46	96.9632576537221	0.843340881743695
S7_58963078	7	47	99.6267483789721	0.725915407902849
S7_59892688	7	48	104.560061084717	1.09759903690582
S7_59993072	7	49	105.057635890317	0.324586614602424
S7_60889808	7	50	109.50250002081	0.692890042128541
S7_60906686	7	51	109.586159444313	0.69289004212848
S7_61038476	7	52	110.239404818378	0.82866849826044
S7_61671937	7	53	113.366366457414	0.428329343429941
S7_61855139	7	54	114.223204815667	0.70982020770728
S7_62142657	7	55	115.567930588793	0.342118441562607
S7_62316113	7	56	116.379186766505	0.000512397560046883
S7_62743849	7	57	117.740297082161	0.0558472694629456
S7_62823478	7	58	117.8565128542	0.0358765466796879
S7_62860964	7	59	117.911222374986	0.0358765466796866
S7_62860969	7	60	117.911229672313	0.0358765466796866
S7_63120977	7	61	118.428621128466	0.221501157216073
S7_63243570	7	62	119.217757768038	0.0316619284676296
S7_63368131	7	63	120.019562511878	0.503335411558332
S7_63374082	7	64	120.057869365794	0.503335411489994
S7_63509213	7	65	120.927713673723	0.157707525264527
S8_233905	8	1	1.1490389463646	0.376258102221228
S8_233906	8	2	1.14904485751488	0.376258102221227
S8_1243707	8	3	8.48222321761168	0.436803241203767
S8_1612776	8	4	11.8961098326929	0.658862034881819
S8_2207897	8	5	17.3104475067984	0.962806572009716
S8_2232010	8	6	17.5298246155472	0.237128893301472
S8_2429224	8	7	19.3240533355235	0.814771725257583
S8_3039494	8	8	24.876214748709	0.169249148746834
S8_3100697	8	9	25.4330321163843	0.716797132060006
S8_3183985	8	10	26.1907760981979	1.20165272788282
S8_3804899	8	11	32.3316344285432	0.164573831552478
S8_4063351	8	12	34.4453944575826	0.0486949678029157
S8_4070389	8	13	34.5029550223466	0.0587017162551491
S8_4417685	8	14	37.079855312215	0.235345092679206
S8_4435101	8	15	37.1565883879939	0.0710730656400548
S8_4702969	8	16	38.3367867999567	0.0550029999222132
S8_5034188	8	17	39.796103096834	0.381824322896727
S8_5949257	8	18	45.1233735251337	0.213733650936089
S8_5986621	8	19	45.3535061015093	0.207520325706154
S8_6255034	8	20	46.0499988835164	0.324109017749482
S8_6436712	8	21	46.1341953332953	0.254527275060239
S8_6553881	8	22	46.1884958750459	0.250637740425037
S8_7285453	8	23	46.5275339817935	0.211051462435694
S8_14783702	8	24	50.0025058846031	0.32522117459067
S8_16417706	8	25	50.7597650779265	0.622278221934384
S8_19222897	8	26	52.0597965795497	0.214456728453574
S8_22340989	8	27	53.5048382273231	0.139143323861401
S8_28445861	8	28	56.3340665805358	0.139143324044701
S8_30482737	8	29	57.2780318809022	0.139143324046346
S8_36321800	8	30	59.9840743001037	0.292066316825702
S8_37433595	8	31	60.4993221115173	0.410028253203908
S8_40858184	8	32	62.0864060498702	0.262877491466657
S8_41887545	8	33	62.5634508309715	0.665941633892643
S8_43689202	8	34	64.9181711994692	0.148530774395367
S8_45039895	8	35	67.0631937784667	0.23258382715818
S8_45684129	8	36	69.6029136732715	0.527768473211859
S8_46220711	8	37	72.2647473242871	0.269768490213524
S8_46374664	8	38	73.0284652202933	0.437888629660929
S8_47197209	8	39	77.108881560153	0.118130698282896
S8_47361631	8	40	77.924533245389	0.166235845575033
S8_48507542	8	41	83.6090781255171	0.268269887471377
S8_49106777	8	42	86.5817158358136	0.708467369088906
S8_50249662	8	43	93.6738229314846	0.0482521697172704
S8_50496373	8	44	94.9524828567851	0.0482521697172749
S8_50593139	8	45	95.4540040955285	0.484691488933102
S8_50964116	8	46	97.7581927241406	0.186502044928714
S8_51052883	8	47	98.377148130195	0.291358497990341
S8_52062136	8	48	105.41447732265	0.638984940001232
S8_52062166	8	49	105.414686506944	0.638984940001227
S8_52150751	8	50	106.032372861618	1.23089456919437
S8_52280534	8	51	106.937325033753	1.14790873061834
S8_53145149	8	52	112.984392388424	2.94401281711409
S8_53614567	8	53	116.268642268343	2.00838764609358
S8_53736424	8	54	116.715097165492	2.05194590752188
S8_54227078	8	55	118.564575197249	1.49396558458473
S8_54339794	8	56	118.98944845993	1.76742628618173
S8_54779719	8	57	120.690634712663	1.50027056101908
S8_54801246	8	58	120.81788404465	1.67286288267459
S9_96179	9	1	0.324005954657828	0.107872028552627
S9_99030	9	2	0.337465680386074	0.0530675714351314
S9_389710	9	3	1.70978173604595	0.0405228142487703
S9_479331	9	4	2.1328873409183	0.212645071464504
S9_1155521	9	5	5.95092116796939	0.305778977814304
S9_1647684	9	6	9.10034143123171	0.270185513715038
S9_1837024	9	7	10.6071023973789	0.190784615460975
S9_1841125	9	8	10.6397380090942	0.0957869380900108
S9_2449300	9	9	15.5194793282577	0.0109920783155564
S9_2752088	9	10	18.6406252957107	0.097011103120146
S9_2785659	9	11	18.9866759690312	0.0970111031186314
S9_3590378	9	12	27.2817387250942	0.235400352651374
S9_3937831	9	13	30.863292583997	0.218535464890745
S9_4342954	9	14	34.3831258024373	0.194935447473202
S9_4541264	9	15	35.7549046513541	0.243533202003368
S9_5529122	9	16	41.4289428652526	0.413185974767345
S9_5547271	9	17	41.525046181477	0.875806570012486
S9_5625866	9	18	41.9412255929407	0.875806644381871
S9_6400516	9	19	45.7029243574927	0.291249453787576
S9_7874451	9	20	50.0396354265073	0.12281825682081
S9_8208950	9	21	50.5153645390358	0.523124268184942
S9_14034597	9	22	55.6927048279399	0.498171598794429
S9_14575197	9	23	55.8791163137508	0.498171598799357
S9_14629256	9	24	55.8944740906677	0.498171598798959
S9_16234849	9	25	56.3506116276788	0.26879634627585
S9_20015812	9	26	57.4247562897133	0.268154250574837
S9_22526102	9	27	58.1379118015917	0.268152915304135
S9_32347993	9	28	60.9282410877378	0.245358570658963
S9_33546229	9	29	61.2686514020566	0.245358618336687
S9_45080194	9	30	64.5453687190054	0.80887292837958
S9_45644040	9	31	64.7055533521556	1.27898248329229
S9_46854936	9	32	65.0495602823157	1.10466358011454
S9_47214745	9	33	65.217042483612	0.753567235816199
S9_47540673	9	34	66.132978586976	0.756413040542681
S9_48140198	9	35	67.8177880920486	1.02185804452663
S9_48267456	9	36	68.1754136923097	1.01157419606496
S9_48314468	9	37	68.3075287241307	0.730753556074157
S9_48406217	9	38	68.5694916738068	1.01157419606503
S9_48524781	9	39	68.9683781820431	0.469328591960235
S9_49084993	9	40	70.8531071769495	0.468149799947818
S9_49222871	9	41	71.3169720430354	0.729277720969335
S9_49461300	9	42	72.2169889009687	1.01221236436457
S9_49485954	9	43	72.4086227165122	1.01221236436456
S9_50223020	9	44	78.1377851196694	0.136386064109444
S9_50606758	9	45	81.1205537214808	0.67640456459134
S9_50876790	9	46	83.3392661490926	0.291316599468378
S9_51730696	9	47	89.5828485985823	0.0741242224682127
S9_51904645	9	48	90.5542332889368	0.269903796333761
S9_51920335	9	49	90.6418510722621	0.26990379633341
S9_52380826	9	50	93.2140776164052	0.564132960522059
S9_52489596	9	51	93.8276788683904	0.7908420295333
S9_52502973	9	52	93.9031421758079	0.697219933905341
S9_52772232	9	53	95.4221056722524	1.41378481949564
S9_52946683	9	54	96.4062313687686	0.998588566866428
S9_53226719	9	55	97.9859908631229	1.74875673137606
S9_53277462	9	56	98.2722459732588	1.05244762577915
S9_53420701	9	57	99.0802962604069	0.989419864912817
S9_53502957	9	58	99.54432480305	0.98941986492273
S9_53793463	9	59	100.637631520982	0.984927007765279
S9_54018856	9	60	101.485859149874	1.44985595585287
S9_54303065	9	61	102.55543063692	0.287801722572819
S9_54575102	9	62	103.579194904137	0.756267141907358
S9_54618277	9	63	103.741676560078	0.812369327132199
S9_54879351	9	64	104.724183470166	0.613809039851044
S9_54895977	9	65	104.786752549764	0.613808935223317
S9_54909153	9	66	104.836338150197	0.488453763574799
S9_55101440	9	67	105.572343174048	0.549352201869195
S9_55759214	9	68	108.312707937891	0.246595268906719
S9_55971250	9	69	109.183219149969	0.529367784242394
S9_56036164	9	70	109.386330302561	0.235781607988389
S9_56132930	9	71	109.689104030752	0.272268219966877
S9_56525939	9	72	110.918800413184	0.364881977756075
S9_56682664	9	73	111.409181461803	0.395177881102427
S9_57157025	9	74	112.902392790047	1.04148071460276
S9_57170536	9	75	112.945252062794	1.04148071524323
S9_57424528	9	76	113.750959442227	0.552483251850006
S9_57424615	9	77	113.751235421557	0.552483251850013
S9_57427041	9	78	113.758931121038	0.552483251849973
S9_57802149	9	79	115.573544264845	1.11953594072639
S9_57822468	9	80	115.695162894146	1.1195383074144
S9_58137624	9	81	117.568773713512	0.0264309304346463
S9_58259224	9	82	118.046460224654	0.380217803179796
S9_58436298	9	83	118.742067636446	0.808789035775136
S9_58923651	9	84	120.800257709595	0.523966391296146
S9_58939068	9	85	120.8730422033	0.0856906662941646
S10_131365	10	1	0.615291946684639	0.971200117520357
S10_555074	10	2	2.87328235700551	0.971200117508412
S10_581096	10	3	3.01195636784164	0.0759498789291991
S10_1896303	10	4	9.85000829860397	0.19621705489463
S10_1985624	10	5	10.3142442742583	0.1962170548906
S10_1989735	10	6	10.3356107401052	0.012386018950088
S10_2258152	10	7	11.7409677467602	1.03365963478936
S10_3110410	10	8	18.3171863496983	0.520836243796101
S10_4463846	10	9	26.2577451564301	0.25929873146991
S10_4769413	10	10	27.3990956612645	0.394843872962374
S10_5146807	10	11	28.8087335882052	0.0435756765108221
S10_5271525	10	12	29.2745788930383	0.250748578074109
S10_5327511	10	13	29.4836971857978	0.309369195911502
S10_5345757	10	14	29.5518494447499	0.682723312831712
S10_5902028	10	15	32.1569944976892	1.19115706915896
S10_6424105	10	16	37.3189798089644	0.4849682301279
S10_6852987	10	17	39.6156232282244	0.890013867606808
S10_7028061	10	18	40.1230713520997	1.14464990323906
S10_7058520	10	19	40.2113560911536	1.14464990323482
S10_7384807	10	20	41.1570917571857	0.629591279056165
S10_7510124	10	21	41.5203203150508	0.213737709370334
S10_7770284	10	22	43.0627558538752	0.416461233270063
S10_7916552	10	23	43.989358250255	0.149807225348291
S10_8424825	10	24	46.1761438460247	0.767292241575097
S10_8563457	10	25	46.76472090251	0.767292480052323
S10_8579550	10	26	46.835949737491	1.20286686129081
S10_10107466	10	27	53.5986214971918	1.14687013950905
S10_10682576	10	28	56.1441018480236	0.762610146074568
S10_12325742	10	29	61.6615548169048	0.0983411285654329
S10_12889995	10	30	62.597486379869	0.707107893304084
S10_13070208	10	31	62.8964073156132	0.707107893157068
S10_14028036	10	32	64.48516529668	1.11953709164052
S10_14538372	10	33	64.7893449134665	1.11953709166959
S10_14637899	10	34	64.8455433287059	1.1195370916659
S10_16771240	10	35	66.0501449279217	1.00677107677784
S10_16771988	10	36	66.0505672898395	1.00677107677784
S10_17959228	10	37	66.7209482569015	0.924303822995155
S10_18187057	10	38	66.8495930341536	1.16859683193686
S10_18669714	10	39	67.1221277082037	1.16859683192533
S10_19965679	10	40	67.5252203555158	1.16859683193686
S10_20207357	10	41	67.5314693445199	1.16859683193684
S10_20434433	10	42	67.5373407743857	1.16859683193686
S10_21780445	10	43	67.5721441664502	1.16859683193686
S10_22217866	10	44	67.5834544181866	1.16859683193686
S10_27828649	10	45	67.728530599185	1.16859683193686
S10_28713094	10	46	67.7513994042882	1.16859683193686
S10_41790040	10	47	69.0253571820128	0.378194749463539
S10_41813717	10	48	69.033123911847	0.378194749465083
S10_44501613	10	49	69.9148302958728	0.54656332321869
S10_45883104	10	50	70.3679986603385	1.06038364762627
S10_46005183	10	51	70.408044046639	1.06038364762627
S10_46009213	10	52	70.4093660013306	1.06038364762626
S10_46758481	10	53	71.2793939927609	0.799935250816491
S10_48043561	10	54	72.7719513512667	0.369340460613658
S10_48086396	10	55	72.821702101766	0.369340460609332
S10_49114771	10	56	74.7474480013815	0.722912954969445
S10_49599324	10	57	76.1225810316549	0.680562566083397
S10_50132957	10	58	77.7631860395347	0.138548990086443
S10_50151017	10	59	77.8197078219716	0.138548990086445
S10_51279784	10	60	81.3523724286138	0.671522330532442
S10_51463632	10	61	81.9277554107544	0.703046458155661
S10_51690921	10	62	82.6390942484234	0.455756640450054
S10_53244195	10	63	89.9514545481793	0.179226534144496
S10_53317471	10	64	90.4478578888779	0.21014302188752
S10_53882003	10	65	94.4166786487876	0.214658092755719
S10_54118725	10	66	96.5590491302401	0.279761068119071
S10_55090876	10	67	100.748954124371	0.05125827888937
S10_55120603	10	68	100.877075481815	0.0749182014934826
S10_55493450	10	69	102.870413975865	0.067598997693135
S10_55797287	10	70	104.833175888536	0.0749652096668807
S10_55930065	10	71	105.690910796531	0.113992310079062
S10_56095271	10	72	106.758127904865	0.083875572638135
S10_56153226	10	73	107.132512415799	0.0488474224423336
S10_56205261	10	74	107.468654215928	0.0406518860295827
S10_56420331	10	75	108.857988643789	0.0193893690867901
S10_56477799	10	76	109.229227174967	0.0165699599274341
S10_56535382	10	77	109.601208596641	0.0642402224332018
S10_56919272	10	78	112.339999769973	0.0375919749961239
S10_58088494	10	79	119.968417131774	0.157419977478852
S10_58107862	10	80	120.06137286212	0.00824543188966419
S10_58262008	10	81	120.801188744498	0.157419977451493
S10_58882240	10	82	123.777960664361	0.0408456651297581
S10_59586652	10	83	127.230760768415	0.143535803723463
S10_59962047	10	84	129.232265200206	0.160928112626987
S10_60891851	10	85	134.013030525726	0.487616179630288
