mk.names	chr	pos.ind	pos.cM	log10pval
S1_69121	1	1	0.185010400220716	0.338694258861481
S1_80410	1	2	0.223173359000347	0.338694258861394
S1_577509	1	3	1.7693568191779	0.388531373787862
S1_821014	1	4	2.3936890811088	0.295315657072511
S1_1348345	1	5	3.86903532055653	0.392913070689978
S1_1536966	1	6	4.43807942000248	0.248384438701562
S1_2369035	1	7	6.94831929139483	0.390588379927807
S1_2464406	1	8	7.23604072648562	0.466596644595663
S1_3215055	1	9	9.50064744686673	0.49136448041829
S1_3215185	1	10	9.50103963932106	0.491364480418236
S1_3258971	1	11	9.6331360916691	0.493995924994918
S1_3535871	1	12	10.4685060193897	0.542136199837469
S1_4216520	1	13	12.5219321874398	0.343950555536875
S1_4295319	1	14	12.7596581351988	0.366988691356732
S1_4319536	1	15	12.8327175557102	0.366988961320585
S1_4468470	1	16	13.2820313325796	0.351695520836027
S1_4530839	1	17	13.4701901878415	0.414307059101101
S1_4954126	1	18	14.4526258435254	0.44466722283038
S1_6837999	1	19	17.7425149780595	0.708361289018625
S1_7195981	1	20	18.3676744724409	0.746362685909375
S1_7590801	1	21	18.8691753151358	0.767056865520339
S1_7640689	1	22	18.9162940462446	0.795456791452274
S1_7816461	1	23	19.0823089918118	0.349446418185142
S1_7953228	1	24	19.2114840939919	0.362848935252848
S1_7990570	1	25	19.2467532500427	0.366940289827355
S1_8308469	1	26	19.547005765693	0.34440422284871
S1_8429405	1	27	19.661228642244	0.320155284643537
S1_9247933	1	28	20.5598009779263	0.203932205808619
S1_9785963	1	29	21.1990132087134	0.702765669301292
S1_10044853	1	30	21.5065902107923	0.677250361617714
S1_10291067	1	31	22.3720821708061	0.670824348656646
S1_10322103	1	32	22.4930054600357	0.670824348655858
S1_10934969	1	33	24.8808702807926	0.634898999913033
S1_11491133	1	34	27.4588430485259	1.19108570785637
S1_12122546	1	35	31.3430996583726	1.13594318570685
S1_12769005	1	36	34.9645040460767	0.815375086858487
S1_12903694	1	37	35.7190195460164	0.843336533020122
S1_12938971	1	38	35.9166380842145	0.832288877252897
S1_13871452	1	39	41.1403116425542	0.504590701528986
S1_14127467	1	40	42.5744843345859	0.281079672724016
S1_14160192	1	41	42.7578068014208	0.317880882781681
S1_14246694	1	42	43.2423831200197	0.289172381731624
S1_14357627	1	43	43.863819673523	0.291545645687411
S1_14478464	1	44	44.5407375321916	0.245828924748451
S1_15769166	1	45	50.0936160582495	0.227350004840107
S1_16615608	1	46	53.28276712133	0.12405782702947
S1_17464476	1	47	56.3110173100375	0.0919838576999344
S1_18083382	1	48	58.321375547432	0.0695323408405242
S1_19061369	1	49	61.4981167997624	0.0713495103090248
S1_19274458	1	50	62.1427991146122	0.0695439731982055
S1_19605364	1	51	62.8595946856167	0.0573276864773119
S1_19767176	1	52	63.2101054800277	0.0432731412184958
S1_19980462	1	53	63.6721172300632	0.0434170725493181
S1_20172421	1	54	64.0879312709523	0.046901586816487
S1_20257881	1	55	64.2730513639637	0.0451316433481426
S1_20393420	1	56	64.5666506184299	0.0451316433481143
S1_21649576	1	57	67.2876863726642	0.0596539475311852
S1_21991976	1	58	67.9542526185215	0.0681074683991262
S1_24550189	1	59	70.5806285794195	0.565879690406692
S1_24932099	1	60	70.7495516077366	0.740020684745749
S1_27527703	1	61	71.8976160417449	0.608759147010085
S1_30434648	1	62	73.1833900527722	0.565664468913719
S1_31744171	1	63	73.7626065980602	0.595174490229512
S1_42275014	1	64	78.4205152422237	0.617730199916504
S1_42953211	1	65	78.7204892964135	0.617730199912755
S1_45747234	1	66	81.7870829226376	0.364405753174297
S1_46296903	1	67	82.5201007573659	0.349910216509404
S1_47398173	1	68	86.7391005969062	0.166233568375218
S1_47563214	1	69	87.6025068751719	0.166233568367255
S1_49580072	1	70	91.0652776318668	0.54588029895931
S1_49751212	1	71	91.1150811895765	0.610431016009912
S1_49951229	1	72	91.1732882609942	0.751694948662732
S1_50005399	1	73	91.1890523063439	0.735435726604496
S1_50773679	1	74	92.2626552304415	0.720754448249993
S1_51025171	1	75	93.2946271632722	0.831878963243182
S1_51962953	1	76	97.1427205543696	0.613159089870117
S1_52201162	1	77	98.1201870429564	0.484454600055423
S1_52546635	1	78	99.5378004841428	0.229406862964728
S1_52728980	1	79	100.286034710647	0.203185549722704
S1_52794182	1	80	100.553584509306	0.249378707514017
S1_53232083	1	81	102.350466880748	0.503112699334015
S1_53387610	1	82	102.988656162305	0.495985592638136
S1_53562386	1	83	103.705831764441	0.571554878387534
S1_53790631	1	84	104.893179235576	0.848972281531664
S1_54059538	1	85	106.394938216999	0.865625166360637
S1_54073544	1	86	106.473157215738	0.865625166360638
S1_54147699	1	87	106.88728900579	0.850935050253838
S1_54166471	1	88	106.992124579424	0.850935050253837
S1_54658615	1	89	109.740590302345	0.803410494870067
S1_54826620	1	90	110.820573475585	0.746333856367105
S1_55032126	1	91	112.225998892986	0.746333856368927
S1_55087219	1	92	112.602771846189	0.740308817608203
S1_55278866	1	93	113.913417593605	0.722349585303337
S1_55522436	1	94	115.579157128784	0.506077177396702
S1_55534315	1	95	115.660395868934	0.36864759100064
S1_55555614	1	96	115.806056608597	0.370057511518926
S1_55948577	1	97	118.493472977453	0.447764463572697
S1_56700495	1	98	123.635729986987	0.9000256522544
S1_57171506	1	99	125.849603528204	0.772299127287678
S1_57899205	1	100	129.061796635808	0.67176567104326
S1_58059874	1	101	129.800346760142	0.850707884323614
S1_58064651	1	102	129.822305283217	0.850707884326327
S1_58535343	1	103	131.985943789234	0.799897208357426
S1_58566177	1	104	132.127678999721	0.799897196041673
S1_59638668	1	105	135.562080661405	0.940254560823207
S1_60059960	1	106	136.536409394232	1.07516976247653
S1_60455872	1	107	137.37516748393	0.998082617053463
S1_60488338	1	108	137.431283415059	0.998082617056595
S1_60492502	1	109	137.438480690277	0.998082617055512
S1_61358374	1	110	138.93509910704	0.920921259727251
S1_61387518	1	111	138.985473119756	0.920921259706079
S1_62006301	1	112	140.055009995622	0.77010266830432
S1_62139027	1	113	140.284420550511	0.770102668304424
S1_62314870	1	114	140.588356781569	0.770102668304357
S1_62807239	1	115	141.439393093222	0.316547677706187
S1_63726977	1	116	143.094311249966	0.71544369600975
S1_63860710	1	117	143.510675289836	0.715443696004955
S1_63926817	1	118	143.716492684074	0.715443696007103
S1_64118447	1	119	144.298632531053	0.566306268348791
S1_64241693	1	120	144.648745530344	0.566306268348781
S1_64264160	1	121	144.712569011472	0.566306268345297
S1_64442291	1	122	145.218597431679	0.609586014721034
S1_65062431	1	123	146.980269821701	0.434236154699933
S1_65208402	1	124	147.39493921965	0.434236154699774
S1_65506707	1	125	148.242353807171	0.356230133385066
S1_65620854	1	126	148.566618680109	0.48798798708281
S1_65753016	1	127	148.942059945646	0.487987987082516
S1_65764405	1	128	148.974413425263	0.47798184705304
S1_65924556	1	129	149.429364879668	0.389936370842112
S1_66067142	1	130	149.834418286001	0.389936326425192
S1_66256472	1	131	150.372260440358	0.389936326425028
S1_66257501	1	132	150.375183588178	0.389936326425121
S1_66353620	1	133	150.648235138565	0.389936326424565
S1_66633038	1	134	151.441996185869	0.388214398931566
S1_67379507	1	135	153.562539655581	0.395091373606277
S1_67741885	1	136	154.59197061851	0.38322582388563
S1_67742231	1	137	154.592953523414	0.35279360661419
S1_68199054	1	138	156.05479506416	0.115021694230923
S1_68248809	1	139	156.358415576162	0.115021694230933
S1_68332651	1	140	156.870045582539	0.291602012936247
S1_68409002	1	141	157.335963172969	0.343721671797883
S1_68468156	1	142	157.696939311387	0.365176810082268
S1_69322581	1	143	162.952476679979	0.421462876648471
S1_69574118	1	144	164.534242450208	0.29347472313657
S1_69661822	1	145	164.923377735423	0.293474723137503
S1_70494660	1	146	168.219022339763	0.0804245163691499
S1_70775581	1	147	169.330662031871	0.102105815049113
S1_71291891	1	148	171.373765571415	0.168803559844661
S1_71451508	1	149	172.005390094804	0.249889685179416
S1_71500355	1	150	172.198683810975	0.232463643606147
S1_72238937	1	151	174.775493909356	0.144903559613666
S1_72456822	1	152	175.512063691773	0.0783342649503887
S1_72799309	1	153	176.669855990786	0.10067358842447
S2_239937	2	1	0.735646556753299	0.355089403068328
S2_320245	2	2	1.07208719776142	0.355089402863167
S2_359530	2	3	1.23666694799806	0.355089402861028
S2_887548	2	4	3.93557050786034	0.445606905805811
S2_1015542	2	5	4.66523501918148	0.364820545446152
S2_1595777	2	6	7.32190313958623	0.397989538127131
S2_1615180	2	7	7.3993825160925	0.397989538131943
S2_1815372	2	8	8.1987821626184	0.364553308259962
S2_1923802	2	9	8.89256898088145	0.366990919891202
S2_2350151	2	10	11.6217556238081	0.490299905693833
S2_2723024	2	11	13.7964416906074	0.981106161344785
S2_2801214	2	12	14.2488894096407	1.07896257759288
S2_3136499	2	13	16.1890215681788	0.81085442376887
S2_4146385	2	14	22.0327434914899	0.962618419610361
S2_4207191	2	15	22.3845984090438	0.962618419859273
S2_4280985	2	16	22.8116086018862	0.977798982466875
S2_4350340	2	17	23.2129324483315	0.980949279026453
S2_4393023	2	18	23.4599183287701	0.980949278570336
S2_4717399	2	19	25.336925379661	0.870037907206278
S2_5597192	2	20	30.4278620220896	1.43706217202085
S2_5838483	2	21	31.8240963560616	1.23543830185879
S2_6020304	2	22	32.8762065584195	1.23319735508628
S2_6054309	2	23	33.0729770493483	1.23319735508628
S2_6459292	2	24	35.4164178294644	0.650862823361246
S2_6459752	2	25	35.4190796270185	0.650862823353119
S2_7044197	2	26	38.800980217253	0.608676851440866
S2_7131612	2	27	39.306808550279	0.642557165299366
S2_7423160	2	28	40.9938558400696	0.642557162566502
S2_7450840	2	29	41.1540266146296	0.642557162566058
S2_7741515	2	30	42.8360222755838	0.607228835684036
S2_8407965	2	31	46.5535167414314	0.915863631162051
S2_8507799	2	32	47.0154209477906	0.149740284864331
S2_8729624	2	33	48.0417436492313	0.104063620642939
S2_9316003	2	34	50.8160576264976	0.132512636067672
S2_9368890	2	35	51.1572343935483	0.132512636067804
S2_9509890	2	36	52.0668326720316	0.209814557109579
S2_9510658	2	37	52.0717870796761	0.209814557109579
S2_11554727	2	38	60.7031085893071	0.00528570769117029
S2_11825062	2	39	61.2359047122824	0.00593424146549662
S2_12090562	2	40	61.759171661253	0.00593424146488954
S2_14136059	2	41	65.7905877603806	0.00150061854517718
S2_14902498	2	42	67.3011421750775	0.000498950929221034
S2_15573601	2	43	68.6238013813109	0.000354830678426709
S2_16399296	2	44	70.251141883873	0.000190345757218982
S2_16864878	2	45	71.1687451706361	0.00128907912472671
S2_17223726	2	46	71.8759892312922	0.00128907912472676
S2_20216806	2	47	73.1948640227334	0.00237957749336381
S2_20555295	2	48	73.2353058609067	0.00237957749336376
S2_23343839	2	49	73.5684742805223	0.0177390077462562
S2_29154435	2	50	74.2627100847071	0.0177390077462597
S2_29752235	2	51	74.3341337671903	0.0177390077462587
S2_40902628	2	52	75.6663554620615	0.244448506805925
S2_42423541	2	53	75.8480704289341	0.030450812352888
S2_45960074	2	54	76.2706067455669	0.0261290507843542
S2_50031531	2	55	76.7570544739236	0.0452874437313612
S2_54252728	2	56	78.1344256239858	0.0363280271078948
S2_54979337	2	57	78.9764125262421	0.0322447565292235
S2_56210301	2	58	82.2847570254369	0.107261559592712
S2_56718054	2	59	83.8562709505373	0.122272720429316
S2_56723114	2	60	83.8886126986803	0.122272720429318
S2_57129839	2	61	86.4882564760397	0.2694211653695
S2_57414700	2	62	88.3089882384403	0.272219954437954
S2_57818206	2	63	90.888057294995	0.407801373332425
S2_58167537	2	64	93.1208587219758	0.50646792076852
S2_58651554	2	65	96.2145258980436	0.630112365140105
S2_58830631	2	66	97.3591233747618	0.993682350534492
S2_59002688	2	67	98.458851469669	0.682749206513001
S2_60825062	2	68	110.243708489891	1.43267780029784
S2_60958217	2	69	111.164272011999	1.47683742920675
S2_60999158	2	70	111.447316517714	1.48627815752677
S2_61043915	2	71	111.756742837109	1.48627815752404
S2_61306680	2	72	113.573361618879	1.48265673302762
S2_61701783	2	73	116.184148550783	1.35376582201925
S2_61930266	2	74	117.637077772286	1.21723264393692
S2_62339499	2	75	120.010450974957	1.32524635212466
S2_62934973	2	76	121.827258287951	1.66660271871963
S2_63376716	2	77	123.175028153409	0.542175982893824
S2_64179959	2	78	124.978010221978	0.609533215029182
S2_64799664	2	79	125.87017973787	0.61510723958924
S2_65204747	2	80	126.685845120311	0.615107239599151
S2_65791761	2	81	128.304221514799	0.514732447492304
S2_66037597	2	82	128.981982486966	0.620941255578139
S2_66550632	2	83	130.396401450647	0.609545900772623
S2_66599932	2	84	130.532319769883	0.609439963940211
S2_66677916	2	85	130.747318841026	0.543443132609072
S2_67097571	2	86	131.904292517682	0.600045864693127
S2_67651093	2	87	133.430332677934	0.638056570413896
S2_67692237	2	88	133.543765199773	0.638056570413855
S2_67721219	2	89	133.623667526915	0.638056570413896
S2_67804684	2	90	133.853777517078	0.638056570410073
S2_67815023	2	91	133.882281766624	0.638056570413896
S2_67953532	2	92	134.264146076545	0.682294126565842
S2_68175602	2	93	134.907656975018	0.503944288771821
S2_68204910	2	94	134.992836536967	0.503944288706593
S2_68384967	2	95	135.516146772596	0.491571474469975
S2_68532720	2	96	135.945569995493	0.491571474467686
S2_68803538	2	97	136.732664256714	0.437304949969321
S2_69513053	2	98	138.897301551731	0.679773259507068
S2_69756905	2	99	140.36713940027	0.807723520718453
S2_69775924	2	100	140.481777976297	0.807723520718453
S2_70071595	2	101	142.263959080063	1.254173914382
S2_70207058	2	102	143.080473377574	1.27967659375917
S2_70884528	2	103	146.953174906009	0.654145199098844
S2_71087273	2	104	147.468845567306	0.654145199098844
S2_71257152	2	105	147.90092338067	0.392985373070269
S2_71292499	2	106	147.990826514482	0.425864183465442
S2_71441038	2	107	148.368627221569	0.425864183465841
S2_71657677	2	108	148.91963650117	0.400111405172817
S2_71761150	2	109	149.182814337055	0.400111405172716
S2_71812245	2	110	149.312771635331	0.400111405172377
S2_71991333	2	111	149.768272029374	0.400097216797688
S2_72423328	2	112	150.867027349243	0.0791259101632856
S2_72584775	2	113	151.277658838328	0.138488806504367
S2_72685975	2	114	151.535055424795	0.179630933277775
S2_73821791	2	115	155.565063087256	0.337110060189391
S2_73952422	2	116	156.084578511618	0.337110060178574
S2_74413458	2	117	157.982287362396	0.261484383394906
S2_74644690	2	118	159.171636057225	0.261609359578245
S2_74738945	2	119	159.656439463462	0.264828025797107
S2_74819567	2	120	160.071121127221	0.264828025795942
S2_74853165	2	121	160.243933443202	0.264828025796985
S2_74981707	2	122	160.905093057488	0.243372580934559
S2_75280978	2	123	162.444402379944	0.285085913446131
S2_75861837	2	124	165.432067986475	0.22255933773626
S2_76696934	2	125	169.727414335618	0.23706066016974
S2_76842190	2	126	170.474542907857	0.24810363743412
S3_864344	3	1	3.31696827041796	0.0849355542457784
S3_1188268	3	2	4.67554346256635	0.0170494722510528
S3_1612815	3	3	6.75569352219175	0.0918640581128094
S3_1925604	3	4	8.28826366636935	0.130405167764737
S3_2053526	3	5	8.91504222310724	0.126069193887757
S3_2279295	3	6	10.0212410628389	0.0414348552850176
S3_2480144	3	7	11.0053395474018	0.0230249749984734
S3_2511972	3	8	11.1612869833694	0.0230249749984736
S3_2701286	3	9	12.088867506581	0.0183855205189855
S3_2877263	3	10	12.9511008212498	0.0183856419639634
S3_2965312	3	11	13.3825139100244	0.00868010561866926
S3_4558141	3	12	20.4353520819623	0.183370897044607
S3_5102377	3	13	22.4095882230113	0.265363223432873
S3_5224331	3	14	22.8519808511092	0.229894946620077
S3_5604744	3	15	24.231943023999	0.202415585486115
S3_6188219	3	16	26.3485200832133	0.357676592489868
S3_6642629	3	17	27.9969090998422	0.112833276883286
S3_6779771	3	18	28.6059695479593	0.109393682209036
S3_6931291	3	19	29.7566132267876	0.111404002491239
S3_7330931	3	20	32.7914814937288	0.125512135018079
S3_7433944	3	21	33.449192928792	0.121285898257958
S3_7508911	3	22	33.7664788390385	0.185725781905687
S3_7657299	3	23	34.3945074602939	0.15997738892981
S3_7692949	3	24	34.5453904181325	0.159977388925007
S3_7707914	3	25	34.6087274016964	0.165397566066913
S3_7874841	3	26	35.3152193933689	0.139646589239565
S3_7948040	3	27	35.6250225246685	0.147024056551875
S3_7960292	3	28	35.676877167009	0.147024056537653
S3_8005248	3	29	35.8671462905038	0.147024056528186
S3_8084317	3	30	36.2017932636691	0.123357192838661
S3_8200765	3	31	36.6946409123196	0.135862972827751
S3_8326061	3	32	37.2249363144331	0.13467583531341
S3_8410783	3	33	37.5835087114598	0.150924741324938
S3_8713533	3	34	38.8766875768691	0.063478034600239
S3_8723362	3	35	38.9186742466086	0.0636242602657575
S3_9620617	3	36	42.7928335903196	0.103250953794629
S3_9777799	3	37	43.9337069374243	0.0972735249838153
S3_10231153	3	38	47.2242840735043	0.137346431342114
S3_10413437	3	39	48.0593376048902	0.148475254927796
S3_10949549	3	40	49.7295360864486	0.340184680962524
S3_11372208	3	41	51.1297430104398	0.389943046362839
S3_12324006	3	42	54.7941896049674	0.0201922935687597
S3_12335263	3	43	54.8375293423009	0.0201922935687617
S3_12384140	3	44	55.0257070398804	0.0201922935697689
S3_12469475	3	45	55.3542489680458	0.020192293568984
S3_14161518	3	46	61.5582322526163	0.00928154382175763
S3_14191041	3	47	61.5781295778393	0.00928154382175763
S3_14961414	3	48	62.0973302730262	0.000942406556110409
S3_15625725	3	49	62.5450494078093	0.0261019073478149
S3_17369070	3	50	63.719994448654	0.306264229023544
S3_21015030	3	51	66.1772261618937	0.321330056133037
S3_21341323	3	52	66.3971346379626	0.321330056131877
S3_21677918	3	53	66.6239862513972	0.321330056132173
S3_22847214	3	54	67.4120451476452	0.321330056131874
S3_23458101	3	55	67.8237586358913	0.321330056132746
S3_25861668	3	56	69.4436669885053	0.321330056141853
S3_27331335	3	57	70.3939934519149	0.32133005613194
S3_33291164	3	58	70.5507951888854	0.255163791620681
S3_42069336	3	59	70.7817468851548	0.348254062217401
S3_45964617	3	60	71.3349945560812	0.364547608905987
S3_46902618	3	61	71.6468138257904	0.364547608905476
S3_50671111	3	62	76.3910047234453	0.452524228629192
S3_51446043	3	63	78.129846963293	1.58401998090035
S3_51849926	3	64	79.0361056032206	1.39345872539401
S3_51871058	3	65	79.0835229433388	1.39345834061692
S3_51938185	3	66	79.234146821349	0.997352798604932
S3_51968827	3	67	79.302903310839	0.997352798604914
S3_52009954	3	68	79.3951867173807	1.0521081070698
S3_52450636	3	69	80.3840173192149	1.01330816616101
S3_53209811	3	70	82.5805270859545	1.03842184388229
S3_54110277	3	71	85.2255505944496	0.940342694488527
S3_54756995	3	72	87.1468199819469	0.959349586735631
S3_56309648	3	73	95.9057281495205	0.209453420975804
S3_56678699	3	74	98.3338463819833	0.197215663341783
S3_57010955	3	75	100.519877178391	0.1273146142399
S3_57017145	3	76	100.56060339742	0.1273146142395
S3_57062382	3	77	100.858233764177	0.0780461188661065
S3_57203763	3	78	101.788429817904	0.0639796922348106
S3_57327496	3	79	102.602513381577	0.134214241661157
S3_57359897	3	80	102.815691123543	0.238419468287596
S3_57705954	3	81	105.092523624122	0.406255723728185
S3_57840534	3	82	105.919688282245	0.398760680386633
S3_57843483	3	83	105.935131370861	0.413190560531955
S3_58096479	3	84	107.260000698587	1.16308323485473
S3_59243960	3	85	113.066584643171	0.902132469035084
S3_59243981	3	86	113.066682083039	0.902132469035056
S3_59302355	3	87	113.337537074961	0.902132469024159
S3_59569295	3	88	114.576136991768	0.881522212952638
S3_60275948	3	89	117.85500245596	0.351311988048379
S3_60868483	3	90	120.604361119724	0.383178627066419
S3_61327351	3	91	121.912921695737	0.164042938890897
S3_61402596	3	92	122.087487636297	0.155587031508643
S3_61405502	3	93	122.094229461312	0.155587031508644
S3_62404529	3	94	124.411939447354	0.033578379140824
S3_62407789	3	95	124.419502540798	0.0335783791408028
S3_62441685	3	96	124.498140152882	0.0335783791408241
S3_63071338	3	97	125.958914532194	0.0314598321212385
S3_63771409	3	98	127.58305636984	0.0274071620266059
S3_64378003	3	99	128.990334622853	0.0154146085496163
S3_64914217	3	100	130.249945899004	0.0160236459950961
S3_65138275	3	101	130.826913875448	0.0261523320993946
S3_65707360	3	102	132.29235505976	0.0225122991200779
S3_65765669	3	103	132.442505582118	0.0225122991200713
S3_65903342	3	104	132.797025002183	0.0224313138818695
S3_66117269	3	105	133.346858226029	0.0204121624541293
S3_66258910	3	106	133.709141362517	0.0204121624541282
S3_66773110	3	107	135.024339566302	0.00845906664507283
S3_66845101	3	108	135.2084749881	0.00862943671592604
S3_66881436	3	109	135.301411057206	0.00862943671592516
S3_67211263	3	110	136.145028089411	0.00863140354819301
S3_67570498	3	111	137.063863613986	0.0254083935444121
S3_68072189	3	112	138.347066846298	0.0307409195867549
S3_68200686	3	113	138.675730836169	0.0115370441137303
S3_68504510	3	114	139.452838535638	0.00803130473529809
S3_69214403	3	115	141.816425135479	0.0232979698459067
S3_69597851	3	116	143.347598637725	0.0896013590521413
S3_69760827	3	117	143.998389703794	0.035509105463856
S3_69914381	3	118	144.611557111015	0.0529881635854298
S3_70668638	3	119	147.683494151135	0.0452980085004649
S3_70748393	3	120	148.084746636041	0.0372301786073661
S3_70836082	3	121	148.525915580294	0.0372301786078579
S3_70906601	3	122	148.880701160923	0.0266837281172551
S3_71084325	3	123	149.774841924856	0.0420336473289346
S3_71440989	3	124	151.569241226173	0.0315196450695224
S3_71454022	3	125	151.634811079296	0.0315196450695199
S3_71691801	3	126	152.831092373365	0.023556021367638
S3_71793128	3	127	153.340874964275	0.0725767429416998
S3_71819433	3	128	153.473217094743	0.0755687738091552
S3_71900772	3	129	153.88243878454	0.0637393552850144
S3_72146437	3	130	155.143118261217	0.0179256432941042
S3_72146643	3	131	155.144177415354	0.0328929656039511
S3_72237591	3	132	155.611788825246	0.032892965607262
S3_72422287	3	133	156.561407914851	0.0104344378850023
S3_72460418	3	134	156.757459402191	0.0104344378857914
S3_72682468	3	135	157.899135014261	0.0196847366118982
S3_72724091	3	136	158.113140706678	0.0345362570380349
S3_72927543	3	137	159.159194237985	0.0178532550299475
S3_73190988	3	138	160.451109704031	0.0411826127113931
S3_73254172	3	139	160.684106070906	0.0361793329282212
S3_73504795	3	140	161.608299671429	0.0610281037982619
S3_73773897	3	141	162.600636154065	0.133852032745416
S4_518538	4	1	1.80595165981309	0.777188992643256
S4_2281818	4	2	8.60105235882204	1.72962434787243
S4_2869689	4	3	10.7993243514	0.767003097007261
S4_3099564	4	4	11.6589139115141	0.776253034327318
S4_3130471	4	5	11.7744868730561	0.776253034326702
S4_3670902	4	6	13.7953627645712	0.780441940336569
S4_3831164	4	7	14.3946429911422	0.69813595723167
S4_4247711	4	8	15.9522697556745	0.827017970485528
S4_4558389	4	9	17.114012291214	0.850111746928872
S4_4630054	4	10	17.3819948287913	0.913589211212783
S4_4756226	4	11	17.8537996530598	0.913589210362293
S4_4933903	4	12	18.5182011507103	0.851277892186916
S4_5373498	4	13	20.0490110240812	1.28041251157176
S4_5469490	4	14	20.3729712672672	1.28041251157176
S4_6112868	4	15	22.544286515835	1.00684841199476
S4_6766267	4	16	25.5251455146263	0.434259659594171
S4_6791790	4	17	25.6818659851935	0.434259660015628
S4_7980358	4	18	32.3153019920216	0.305468819735401
S4_8759185	4	19	36.3712792983963	0.877127010363918
S4_9835711	4	20	41.8502721371714	1.30879518085266
S4_10312807	4	21	44.2672132267112	1.95311448583347
S4_11075519	4	22	48.131068661016	1.52698558355134
S4_12456643	4	23	55.1277639704498	1.72870683279857
S4_13011269	4	24	57.9374676123313	1.7287068327985
S4_13309050	4	25	59.304593572951	1.72870683279855
S4_13908419	4	26	59.3432575015595	1.75728911702132
S4_14707376	4	27	59.3947963973138	1.75728911702206
S4_22685111	4	28	59.9094219059703	1.51779031480227
S4_34118738	4	29	60.6469791337628	1.27857928824852
S4_37902443	4	30	60.8910573226512	1.29251066503362
S4_39295508	4	31	60.9809207718904	1.22331708675501
S4_43108567	4	32	61.2268925204396	1.21610857640316
S4_43241984	4	33	61.235498947137	1.21610857640317
S4_47760831	4	34	61.8509215908057	1.12858302046755
S4_47941778	4	35	62.0186205076324	1.12857827224626
S4_48445544	4	36	62.7276490305737	1.15417777073707
S4_50078008	4	37	66.4882222412775	1.07484288468634
S4_50266230	4	38	67.7034143374689	1.07484283474721
S4_50344117	4	39	68.2062655811921	1.0491498266193
S4_50462556	4	40	68.9709271865349	0.985247603836694
S4_50524468	4	41	69.3706412107159	0.985247610996055
S4_51327034	4	42	74.5521389095608	1.15782027599044
S4_51377481	4	43	74.8778330137387	0.858760616689193
S4_51414196	4	44	75.1148710741762	0.858760616689559
S4_51702666	4	45	76.9772806967939	0.658328090279219
S4_52111692	4	46	79.3724372630659	0.339494201804803
S4_52207331	4	47	79.7434346277421	0.342512221358617
S4_52289086	4	48	80.0605739699467	0.316033925057548
S4_52519450	4	49	80.9541888855801	0.443972252629707
S4_52814501	4	50	82.0987339293915	0.461680497020382
S4_53692248	4	51	85.5036401272025	0.133977012256997
S4_53777496	4	52	85.8343293161726	0.170150651741511
S4_54163366	4	53	87.3311742550324	0.157765716219726
S4_54584296	4	54	88.9640219501479	0.21383511834636
S4_54990006	4	55	90.5378290876418	0.254375064064512
S4_55719494	4	56	93.3093762241741	0.45639539486821
S4_55937022	4	57	93.967641468137	0.456395394868437
S4_56120807	4	58	94.5237964360571	0.62430343433617
S4_57094537	4	59	98.0416686747263	0.568020204573098
S4_57100335	4	60	98.0643079145414	0.568020204573257
S4_57153196	4	61	98.2707123394929	0.568020204572055
S4_57231239	4	62	98.575444004359	0.568020204572943
S4_57344604	4	63	98.9278842768727	0.489588846419615
S4_57430384	4	64	99.1225010308247	0.444132646010957
S4_57516330	4	65	99.3174944038156	0.717854800134611
S4_58123182	4	66	102.785390755746	0.724779890937647
S4_58236768	4	67	103.325120762446	0.638526950502507
S4_58274949	4	68	103.506546566557	0.648690014221713
S4_58824987	4	69	105.560814678071	0.807043612934478
S4_59050365	4	70	106.09565182041	0.524908901330298
S4_59440407	4	71	107.021247702315	0.524908901330314
S4_59587518	4	72	107.370351993092	0.558500961952194
S4_59943473	4	73	108.215057132907	0.690360675380716
S4_60082334	4	74	108.544583619175	0.436570408076
S4_60660427	4	75	109.98145965729	0.668713659778616
S4_60665543	4	76	110.00054519656	0.668713659779429
S4_61113510	4	77	111.671712469866	0.666489490948375
S4_61704639	4	78	113.748426985096	0.268531550082314
S4_61744542	4	79	113.868908534165	0.268531550082343
S4_62202164	4	80	115.603634137858	0.105373914936605
S4_62252006	4	81	115.87273964812	0.120871572497386
S4_62527347	4	82	117.359352952177	0.185486917604645
S4_62958009	4	83	119.684570986367	0.112680393538097
S4_63984116	4	84	125.224698746441	0.517374497630248
S4_63984534	4	85	125.226955600165	0.51737449763013
S4_64008481	4	86	125.356249562169	0.600443010811771
S4_64052036	4	87	125.59141048066	0.600443010812053
S4_64277272	4	88	126.807498292329	0.60044301075849
S4_64341842	4	89	127.15612280173	0.600443010777104
S4_64361203	4	90	127.260656162834	0.548771087411991
S4_64704717	4	91	129.115347191522	0.513223366086198
S4_64798089	4	92	129.619478640985	0.546542667078688
S4_65429659	4	93	133.029433440464	0.661141910963753
S4_65543651	4	94	133.64489580806	0.626033881819867
S4_65768490	4	95	134.858840148608	0.548604448076315
S4_65871492	4	96	135.414965620458	0.539524755883882
S4_65897797	4	97	135.556990829066	0.538137167577361
S4_65941925	4	98	135.795245472876	0.531558493890548
S4_66339784	4	99	137.943354481484	0.458401786013268
S4_66397257	4	100	138.253661070129	0.453205624047992
S4_66582434	4	101	139.253463467176	0.45290818591776
S4_66583792	4	102	139.260795542192	0.490751066997422
S4_66633118	4	103	139.527115079914	0.490751066997432
S4_66633201	4	104	139.527563211156	0.490751066998295
S4_66634253	4	105	139.533243139666	0.490751297030618
S4_66758323	4	106	140.203118358519	0.481405826867056
S4_67319239	4	107	142.480827323262	0.461300727612988
S4_67620601	4	108	143.643245182482	0.452163781073176
S5_49840	5	1	0.0433299622980599	1.00233833721798
S5_345243	5	2	1.14562076945735	0.976057914038892
S5_459688	5	3	1.57267016105238	1.02012994758406
S5_917154	5	4	3.27969604226527	0.930291382351763
S5_1481646	5	5	5.3860874543869	1.25587430861484
S5_1734280	5	6	6.72370269933511	1.18360043580011
S5_1858785	5	7	7.52586734483331	1.19078841181144
S5_2300662	5	8	10.3728060786898	1.84644330406584
S5_2802165	5	9	13.6111765606606	2.683966030328
S5_3786904	5	10	21.295115989223	1.73636621784798
S5_3861674	5	11	21.8077013748465	1.76860449314549
S5_3861704	5	12	21.8079070397063	1.76860449314381
S5_4369862	5	13	25.2915818342449	1.7419147369446
S5_5263658	5	14	31.1649032537057	0.613104126422845
S5_5299509	5	15	31.3671212881735	0.627176454379383
S5_5900206	5	16	34.7553605744063	0.553293235802698
S5_5943525	5	17	34.9997019605633	0.553293619289995
S5_6289811	5	18	36.9529326733393	0.184126019619706
S5_6485690	5	19	38.0577907351375	0.130615693745154
S5_7930582	5	20	44.7359578177105	0.36286054577917
S5_7945929	5	21	44.7773833505443	0.362860547772817
S5_8759638	5	22	46.9737949551999	0.608906352909125
S5_8781211	5	23	47.0320260765802	0.614513282798235
S5_8787464	5	24	47.0489045451285	0.614513282820965
S5_10266276	5	25	51.7719521312062	0.629521122948142
S5_10470994	5	26	52.4526196152072	0.408395661275161
S5_10862708	5	27	53.7550306529664	0.358163998712064
S5_12792819	5	28	58.073187281949	0.200861771929016
S5_13296375	5	29	58.4394857249851	0.168613392460091
S5_13493896	5	30	58.5831671323498	0.169659335144763
S5_13543390	5	31	58.6191702286085	0.169659335144761
S5_13707271	5	32	58.7383811110986	0.169659335144756
S5_14661383	5	33	59.4324245542946	0.169659335144757
S5_14989664	5	34	59.6712238520457	0.169659335144757
S5_15878079	5	35	60.3174777568148	0.157597647987372
S5_16004923	5	36	60.409747056969	0.15759764798737
S5_16021128	5	37	60.4215349539843	0.15759764798726
S5_16214960	5	38	60.5625328962401	0.157597647987316
S5_16246011	5	39	60.5851201218013	0.157597647987369
S5_16980708	5	40	61.1195559486076	0.157597647987206
S5_18712356	5	41	62.3791973118056	0.131544720599549
S5_21863930	5	42	63.8327522465153	0.139640699819583
S5_28352926	5	43	64.9079225643588	0.139640699819584
S5_28353057	5	44	64.9079442699218	0.139640699819584
S5_35903834	5	45	66.1590424840454	0.0788529225455421
S5_37141659	5	46	66.3641393432027	0.07885292254598
S5_37502889	5	47	66.4239920190118	0.0788529225498807
S5_41916021	5	48	67.1552096889141	0.19264951243342
S5_42226572	5	49	67.2066652942768	0.192649512433411
S5_42618226	5	50	67.2715589628297	0.196527800111597
S5_44201943	5	51	67.5339671243178	0.179839485405479
S5_44231973	5	52	67.5389428346812	0.179839485405479
S5_45485115	5	53	67.7465775877991	0.191296940261581
S5_45546494	5	54	67.7567475553778	0.191296940261661
S5_46962407	5	55	69.4854634740737	0.235179913933028
S5_48233445	5	56	71.0319732107079	0.220511539374775
S5_48514677	5	57	71.3741565492494	0.204523772959967
S5_48598461	5	58	71.6075267964736	0.273762296766157
S5_48926942	5	59	72.5856037566748	0.286620550996719
S5_49363745	5	60	73.8862176443783	0.288819548833037
S5_49637325	5	61	74.7008227349979	0.254868507153696
S5_49653682	5	62	74.7495269365743	0.254868507160135
S5_51033201	5	63	77.6741701311875	0.142958788945969
S5_52255873	5	64	79.956969672638	0.155892443962754
S5_52796420	5	65	80.966202274458	0.133430667557872
S5_52909729	5	66	81.1777567496094	0.133430667478251
S5_53090793	5	67	82.2413208430226	0.143378606852724
S5_54550186	5	68	90.9469655606608	0.0920303811669692
S5_54691715	5	69	91.7912214884628	0.112216740357135
S5_55104233	5	70	94.2519946644549	0.244656566803847
S5_55391137	5	71	95.7888209315959	0.262109424779052
S5_56233367	5	72	100.126518229866	0.0687187144590972
S5_56607552	5	73	101.841110558449	0.188515312801333
S5_57661227	5	74	106.61552799734	0.034098077044918
S5_57661235	5	75	106.61556424698	0.034098077044938
S5_57972699	5	76	108.194219363781	0.0188583273421957
S5_59361368	5	77	115.820010865608	0.722135768482961
S5_59499442	5	78	116.342879124343	0.536884980459304
S5_60002171	5	79	118.241164863492	1.21837683631668
S5_60002211	5	80	118.241314858641	1.21837683631668
S5_60061479	5	81	118.463562669573	1.21837683631666
S5_60541308	5	82	120.262863217453	1.45185682056642
S5_60991921	5	83	121.681094709083	1.58793365486454
S5_61065360	5	84	121.89242850131	1.56428985508457
S5_61160767	5	85	122.166979123119	1.55224020889108
S5_61549469	5	86	123.285446490523	1.66090266160485
S5_61919347	5	87	123.963928381568	1.79646268728543
S5_61995161	5	88	124.10299700984	1.82732768876346
S6_369079	6	1	1.20941791729912	0.437220079101861
S6_527716	6	2	1.78415925805342	0.449976385708533
S6_928913	6	3	3.23769469862911	0.16992360791949
S6_942247	6	4	3.28600373774116	0.169923321054638
S6_1007644	6	5	3.52293685839592	0.163856421268665
S6_1279029	6	6	4.50616384050355	0.115589693952749
S6_1403090	6	7	4.95563644446933	0.198347207645643
S6_1486805	6	8	5.25893562020542	0.29199853611139
S6_3223338	6	9	18.4027574103496	0.1634772128166
S6_3407573	6	10	20.0470027852906	0.0173829718648656
S6_3421278	6	11	20.1693160420744	0.017382072036957
S6_5889011	6	12	26.0162439330683	0.191341813337422
S6_6419191	6	13	26.118946332685	0.109943297209245
S6_6699671	6	14	26.1732787651503	0.350558267120524
S6_8171399	6	15	26.4583706154334	0.286172641037603
S6_8839311	6	16	26.5877534007757	0.286172641037603
S6_11167724	6	17	27.038795692825	0.0350125205059071
S6_14120923	6	18	27.6108667325579	0.0504965627416443
S6_15061276	6	19	27.7930246969978	0.039788879609658
S6_16687852	6	20	28.1081125131337	0.0397888796097203
S6_17960117	6	21	28.3545659222557	0.039788879607567
S6_28189066	6	22	30.3360393989179	0.0388073054714013
S6_30900072	6	23	30.8611946699112	0.0518956906619915
S6_32718590	6	24	31.3025266260757	0.0373131965217804
S6_35253189	6	25	32.7498078238791	0.0442101418487397
S6_36754317	6	26	33.6069668182195	0.0388073054685126
S6_38144090	6	27	34.4005410017944	0.0150255380044164
S6_40426219	6	28	36.4581192153707	0.0383103388615691
S6_40947369	6	29	38.4075033936427	0.0276023662220346
S6_41868861	6	30	41.8543841865128	0.0329776068393275
S6_42525843	6	31	44.3118538520784	0.0431224802869535
S6_42622674	6	32	44.674054407324	0.053779937843697
S6_44127668	6	33	50.3035497387916	0.35373606588006
S6_44894798	6	34	53.1730327756866	0.788050854790092
S6_44975837	6	35	53.476162670003	0.788050854763117
S6_46166183	6	36	57.9287035105852	1.39011086047916
S6_46462832	6	37	59.0383319613196	1.32754735342459
S6_46927192	6	38	60.7752906815007	1.81526252777043
S6_47967987	6	39	64.7317246366656	1.68956855392261
S6_48008108	6	40	64.8842982523126	1.72272865828267
S6_48236765	6	41	65.753843508737	1.04263028318892
S6_48327466	6	42	66.098764610225	1.17580256317058
S6_48534056	6	43	66.8552645526748	1.19440788432683
S6_48603072	6	44	67.0824352795871	1.19440788433194
S6_48720644	6	45	67.4694312907227	1.18119386262213
S6_49804958	6	46	71.0385225098773	2.34235543308417
S6_49828938	6	47	71.0835793201242	2.34237787781295
S6_49865663	6	48	71.1221014526788	2.34237787781308
S6_50776134	6	49	73.1691141819168	1.6911539778058
S6_50782316	6	50	73.1984859693523	1.69115397783959
S6_51031448	6	51	74.3821566499404	1.44884115233603
S6_51064862	6	52	74.5409125388714	1.44876738292369
S6_51271365	6	53	75.5220452177463	1.46372734896102
S6_51301819	6	54	75.6667376173844	1.78110241812575
S6_51455982	6	55	76.3991935970718	1.78110241812727
S6_51867661	6	56	78.3551541405339	1.51165417460875
S6_51977651	6	57	78.8777362984176	1.26748665147282
S6_52159683	6	58	79.7426028805058	1.04900723299706
S6_52347746	6	59	80.6361238220285	0.897591978285966
S6_52393824	6	60	80.8550486394752	0.927208568865884
S6_52444694	6	61	81.0766501722823	0.906561253785488
S6_52724189	6	62	81.5271474976278	0.342420840662865
S6_53057882	6	63	83.2246363481864	0.500715501921716
S6_53415136	6	64	85.0419794803991	0.171924737519875
S6_53812892	6	65	87.065355383528	0.155221422565069
S6_54717049	6	66	91.0612310300988	0.0619228447624685
S6_55196124	6	67	92.7968628764748	0.20546416790804
S6_55376993	6	68	93.471357943998	0.20546417603505
S6_55977131	6	69	96.725929286552	0.196937213717743
S6_56180907	6	70	97.8465472392174	0.237088194772106
S6_56365681	6	71	98.8626681837142	0.233215924036028
S6_56404360	6	72	99.0753742030253	0.233215924035984
S6_56467292	6	73	99.4214538640116	0.266257708135946
S6_56854221	6	74	101.241230557938	0.293106422487282
S6_57963392	6	75	104.583898612574	0.213631395328275
S6_58065851	6	76	104.892675551576	0.199542614006484
S6_58208536	6	77	105.322680114782	0.120191474994723
S6_58288835	6	78	105.564674272689	0.0545247292457107
S6_59240106	6	79	108.492372168435	0.114691135381391
S6_59368446	6	80	108.919076656532	0.116340227327647
S6_59403831	6	81	109.038690831461	0.11634022732768
S6_59417396	6	82	109.084545467122	0.116340227327647
S6_59503896	6	83	109.376946940382	0.128841312075073
S6_59667751	6	84	109.930836459467	0.1505221873144
S6_59686464	6	85	109.994093208243	0.150524649619471
S6_60268198	6	86	111.960565793733	0.0762994843574205
S6_60456267	6	87	112.596307443148	0.0872603437367519
S6_60971505	6	88	114.337999353889	0.043211313292892
S6_61087380	6	89	114.729699015321	0.0432113132928844
S6_61542271	6	90	115.954878090868	0.0364523874236723
S6_61647254	6	91	116.151244015758	0.0364523874236882
S7_399345	7	1	1.97746248046952	0.292539032094358
S7_403142	7	2	1.99727896152337	0.292539032090994
S7_408881	7	3	2.02723070889447	0.292539032094292
S7_1289088	7	4	7.74829175112722	0.349476321425221
S7_2726298	7	5	16.8385141647093	0.582535587975549
S7_2901548	7	6	17.9377325683867	0.34209463174089
S7_3280151	7	7	20.2790755773935	0.27926883113543
S7_3552077	7	8	21.9595184959759	0.607181215086207
S7_4227535	7	9	27.5354084038375	0.601079379553755
S7_4467133	7	10	29.851790876917	0.709817181006583
S7_5265050	7	11	37.4456627397542	0.183703578325597
S7_5430210	7	12	38.1521323696939	0.157395657365406
S7_5494512	7	13	38.4271832908878	0.157395657365412
S7_7599670	7	14	50.173649339614	0.437123320487588
S7_7688367	7	15	50.4553919564882	0.463274025562846
S7_9512280	7	16	54.4583097445639	0.0381035811729154
S7_9883894	7	17	54.5306551229018	0.0346171845965422
S7_10305618	7	18	54.6127558573579	0.0346171845956149
S7_14364334	7	19	55.4029019352399	0.0366569783191915
S7_21104817	7	20	56.7151312721731	0.0320337530101084
S7_23504604	7	21	57.1823189950397	0.0408486139085767
S7_24148899	7	22	57.3077495911319	0.0408486139109426
S7_27475127	7	23	57.9552957629609	0.0356581671908949
S7_37560437	7	24	59.9186921032626	0.0314503778151379
S7_38842116	7	25	60.1682078700602	0.0419740751655365
S7_45933121	7	26	61.5486764194712	0.0419740751654611
S7_48708075	7	27	62.0889012145549	0.0419740751654608
S7_48844393	7	28	62.1154394431584	0.0419740751654608
S7_50424641	7	29	62.423080273234	0.0297063908035931
S7_51026356	7	30	62.5402214447899	0.132497410511088
S7_51615093	7	31	62.7147955303256	0.132497410511304
S7_53460089	7	32	67.7854318823755	0.0194845086214192
S7_53572239	7	33	68.3043820135836	0.0150146352048437
S7_54194222	7	34	71.4937650481513	0.0408939591273316
S7_55181547	7	35	76.5565362245413	0.281525313427758
S7_55694037	7	36	79.1844648196727	0.280657125746923
S7_55708139	7	37	79.2567765702406	0.33553891878041
S7_55934608	7	38	80.4180565191388	0.319684198851241
S7_56281258	7	39	82.1846166761183	0.771107601195845
S7_57072685	7	40	86.1138381132587	1.1662717584965
S7_57406105	7	41	87.7691784182665	1.00056626559666
S7_57504955	7	42	88.4390714027729	1.01836334055524
S7_58118739	7	43	94.0896811859126	1.0690766781272
S7_58132748	7	44	94.2186506482186	1.0690766781266
S7_58409460	7	45	96.5250506439316	1.17073430410882
S7_58487675	7	46	96.9632576537221	1.16827320721002
S7_58963078	7	47	99.6267483789721	0.960892839528652
S7_59892688	7	48	104.560061084717	1.29810026216406
S7_59993072	7	49	105.057635890317	1.38019691918626
S7_60889808	7	50	109.50250002081	0.9085400166049
S7_60906686	7	51	109.586159444313	0.908540016605
S7_61038476	7	52	110.239404818378	1.0524500353204
S7_61671937	7	53	113.366366457414	0.583716738066719
S7_61855139	7	54	114.223204815667	0.68040604807129
S7_62142657	7	55	115.567930588793	0.769536124790783
S7_62316113	7	56	116.379186766505	0.692844679171261
S7_62743849	7	57	117.740297082161	0.460558382490634
S7_62823478	7	58	117.8565128542	0.504174996807532
S7_62860964	7	59	117.911222374986	0.504174996807531
S7_62860969	7	60	117.911229672313	0.504174996807533
S7_63120977	7	61	118.428621128466	0.557286173297307
S7_63243570	7	62	119.217757768038	0.600750687247201
S7_63368131	7	63	120.019562511878	0.575898589180488
S7_63374082	7	64	120.057869365794	0.575898587088194
S7_63509213	7	65	120.927713673723	0.639381263531622
S8_233905	8	1	1.1490389463646	0.487737368557627
S8_233906	8	2	1.14904485751488	0.487737368557626
S8_1243707	8	3	8.48222321761168	0.530632587414757
S8_1612776	8	4	11.8961098326929	0.796934224357938
S8_2207897	8	5	17.3104475067984	1.07320148595594
S8_2232010	8	6	17.5298246155472	1.21721464057076
S8_2429224	8	7	19.3240533355235	0.966062030224751
S8_3039494	8	8	24.876214748709	0.738511556635764
S8_3100697	8	9	25.4330321163843	0.796382604272116
S8_3183985	8	10	26.1907760981979	0.556442715312498
S8_3804899	8	11	32.3316344285432	0.134423952038006
S8_4063351	8	12	34.4453944575826	0.109766439201455
S8_4070389	8	13	34.5029550223466	0.0866802401639633
S8_4417685	8	14	37.079855312215	0.00732325761553513
S8_4435101	8	15	37.1565883879939	0.00732325761553562
S8_4702969	8	16	38.3367867999567	0.0637070058258119
S8_5034188	8	17	39.796103096834	0.0732685334046759
S8_5949257	8	18	45.1233735251337	0.337730012952144
S8_5986621	8	19	45.3535061015093	0.333467797022047
S8_6255034	8	20	46.0499988835164	0.274080586263185
S8_6436712	8	21	46.1341953332953	0.219278263658796
S8_6553881	8	22	46.1884958750459	0.375600392852688
S8_7285453	8	23	46.5275339817935	0.37871030367256
S8_14783702	8	24	50.0025058846031	0.163728554216128
S8_16417706	8	25	50.7597650779265	0.183703202829062
S8_19222897	8	26	52.0597965795497	0.196562532586604
S8_22340989	8	27	53.5048382273231	0.196559703341196
S8_28445861	8	28	56.3340665805358	0.196559703456456
S8_30482737	8	29	57.2780318809022	0.196559703457489
S8_36321800	8	30	59.9840743001037	0.196559703447576
S8_37433595	8	31	60.4993221115173	0.245368982753258
S8_40858184	8	32	62.0864060498702	0.191539613805449
S8_41887545	8	33	62.5634508309715	0.191539613805475
S8_43689202	8	34	64.9181711994692	0.0712709353733282
S8_45039895	8	35	67.0631937784667	0.0331811189731435
S8_45684129	8	36	69.6029136732715	0.0714279567450425
S8_46220711	8	37	72.2647473242871	0.0262973767201879
S8_46374664	8	38	73.0284652202933	0.017442240309298
S8_47197209	8	39	77.108881560153	0.0563044352931755
S8_47361631	8	40	77.924533245389	0.011299414384649
S8_48507542	8	41	83.6090781255171	0.0862486808014869
S8_49106777	8	42	86.5817158358136	0.232204469275623
S8_50249662	8	43	93.6738229314846	0.0225970372931859
S8_50496373	8	44	94.9524828567851	0.0187867916542617
S8_50593139	8	45	95.4540040955285	0.0980823025830073
S8_50964116	8	46	97.7581927241406	0.155376095921782
S8_51052883	8	47	98.377148130195	0.2353573163495
S8_52062136	8	48	105.41447732265	1.07038600312117
S8_52062166	8	49	105.414686506944	1.07038600312119
S8_52150751	8	50	106.032372861618	1.05558712685502
S8_52280534	8	51	106.937325033753	1.1551964032024
S8_53145149	8	52	112.984392388424	2.96011041886591
S8_53614567	8	53	116.268642268343	2.187772400347
S8_53736424	8	54	116.715097165492	2.2193496204502
S8_54227078	8	55	118.564575197249	1.71124549906313
S8_54339794	8	56	118.98944845993	1.5630007651329
S8_54779719	8	57	120.690634712663	1.33738673770887
S8_54801246	8	58	120.81788404465	1.33738673770887
S9_96179	9	1	0.324005954657828	0.0512391700047908
S9_99030	9	2	0.337465680386074	0.0512391700047652
S9_389710	9	3	1.70978173604595	0.051239170015598
S9_479331	9	4	2.1328873409183	0.068042217119227
S9_1155521	9	5	5.95092116796939	0.0561945749958076
S9_1647684	9	6	9.10034143123171	0.0554745922057078
S9_1837024	9	7	10.6071023973789	0.0892699045228063
S9_1841125	9	8	10.6397380090942	0.0892699045213308
S9_2449300	9	9	15.5194793282577	0.0610240252786115
S9_2752088	9	10	18.6406252957107	0.0598192502623836
S9_2785659	9	11	18.9866759690312	0.0619063788768637
S9_3590378	9	12	27.2817387250942	0.236018377414354
S9_3937831	9	13	30.863292583997	0.464006560647904
S9_4342954	9	14	34.3831258024373	0.231470583399045
S9_4541264	9	15	35.7549046513541	0.10721425352745
S9_5529122	9	16	41.4289428652526	0.633102928679456
S9_5547271	9	17	41.525046181477	0.655332430030201
S9_5625866	9	18	41.9412255929407	0.655332417597836
S9_6400516	9	19	45.7029243574927	0.56732818544132
S9_7874451	9	20	50.0396354265073	0.53651900266151
S9_8208950	9	21	50.5153645390358	0.536519002661524
S9_14034597	9	22	55.6927048279399	0.198314422831563
S9_14575197	9	23	55.8791163137508	0.198314422839297
S9_14629256	9	24	55.8944740906677	0.198314422838675
S9_16234849	9	25	56.3506116276788	0.193594320045688
S9_20015812	9	26	57.4247562897133	0.192784305551714
S9_22526102	9	27	58.1379118015917	0.192782227326144
S9_32347993	9	28	60.9282410877378	0.166577067507176
S9_33546229	9	29	61.2686514020566	0.166577126636887
S9_45080194	9	30	64.5453687190054	0.483400876208068
S9_45644040	9	31	64.7055533521556	0.61001382350179
S9_46854936	9	32	65.0495602823157	0.469587383248055
S9_47214745	9	33	65.217042483612	0.495975684205821
S9_47540673	9	34	66.132978586976	0.448410110027382
S9_48140198	9	35	67.8177880920486	0.413908655394992
S9_48267456	9	36	68.1754136923097	0.412167667486057
S9_48314468	9	37	68.3075287241307	0.412167667486059
S9_48406217	9	38	68.5694916738068	0.412167667486009
S9_48524781	9	39	68.9683781820431	0.41216766748592
S9_49084993	9	40	70.8531071769495	0.417832935554201
S9_49222871	9	41	71.3169720430354	0.413847685739509
S9_49461300	9	42	72.2169889009687	0.425049054168755
S9_49485954	9	43	72.4086227165122	0.425048832290961
S9_50223020	9	44	78.1377851196694	0.401158268880203
S9_50606758	9	45	81.1205537214808	0.484410077246372
S9_50876790	9	46	83.3392661490926	0.595126894545055
S9_51730696	9	47	89.5828485985823	0.661139488728446
S9_51904645	9	48	90.5542332889368	0.899664898579632
S9_51920335	9	49	90.6418510722621	0.89966489857877
S9_52380826	9	50	93.2140776164052	0.723253853313303
S9_52489596	9	51	93.8276788683904	0.882596929181068
S9_52502973	9	52	93.9031421758079	0.882596929175226
S9_52772232	9	53	95.4221056722524	1.07906646334759
S9_52946683	9	54	96.4062313687686	1.14683103895429
S9_53226719	9	55	97.9859908631229	1.33692615868733
S9_53277462	9	56	98.2722459732588	1.30343151448128
S9_53420701	9	57	99.0802962604069	1.25964793242421
S9_53502957	9	58	99.54432480305	1.25964793242917
S9_53793463	9	59	100.637631520982	1.2613051398952
S9_54018856	9	60	101.485859149874	1.04974627551039
S9_54303065	9	61	102.55543063692	1.08015462557747
S9_54575102	9	62	103.579194904137	0.576246549495343
S9_54618277	9	63	103.741676560078	0.584829271045167
S9_54879351	9	64	104.724183470166	0.53359940796223
S9_54895977	9	65	104.786752549764	0.533631362776567
S9_54909153	9	66	104.836338150197	0.433095060440543
S9_55101440	9	67	105.572343174048	0.450007550045402
S9_55759214	9	68	108.312707937891	0.324897647408676
S9_55971250	9	69	109.183219149969	0.324897235954498
S9_56036164	9	70	109.386330302561	0.306147524718956
S9_56132930	9	71	109.689104030752	0.347563286261751
S9_56525939	9	72	110.918800413184	0.493391254430764
S9_56682664	9	73	111.409181461803	0.51492737598273
S9_57157025	9	74	112.902392790047	0.643306813613739
S9_57170536	9	75	112.945252062794	0.643306813810385
S9_57424528	9	76	113.750959442227	0.651635578864058
S9_57424615	9	77	113.751235421557	0.651635578864062
S9_57427041	9	78	113.758931121038	0.651635578864044
S9_57802149	9	79	115.573544264845	1.14729275883879
S9_57822468	9	80	115.695162894146	1.14729471558524
S9_58137624	9	81	117.568773713512	0.666766890950873
S9_58259224	9	82	118.046460224654	0.664729453806279
S9_58436298	9	83	118.742067636446	0.661713824893905
S9_58923651	9	84	120.800257709595	0.417875149673158
S9_58939068	9	85	120.8730422033	0.417875149647851
S10_131365	10	1	0.615291946684639	0.716258655942303
S10_555074	10	2	2.87328235700551	0.716258655931256
S10_581096	10	3	3.01195636784164	0.716258655932254
S10_1896303	10	4	9.85000829860397	0.780990652834006
S10_1985624	10	5	10.3142442742583	0.775536319226772
S10_1989735	10	6	10.3356107401052	0.923008781729749
S10_2258152	10	7	11.7409677467602	0.923008782699011
S10_3110410	10	8	18.3171863496983	0.290629562471719
S10_4463846	10	9	26.2577451564301	0.113631123340007
S10_4769413	10	10	27.3990956612645	0.154424781467933
S10_5146807	10	11	28.8087335882052	0.126791970847471
S10_5271525	10	12	29.2745788930383	0.126791590361917
S10_5327511	10	13	29.4836971857978	0.126788244360151
S10_5345757	10	14	29.5518494447499	0.374981972705718
S10_5902028	10	15	32.1569944976892	0.558740388794341
S10_6424105	10	16	37.3189798089644	0.269223359714982
S10_6852987	10	17	39.6156232282244	0.776036668406553
S10_7028061	10	18	40.1230713520997	0.691804684606448
S10_7058520	10	19	40.2113560911536	0.691804684602198
S10_7384807	10	20	41.1570917571857	0.441700693594204
S10_7510124	10	21	41.5203203150508	0.258563899637388
S10_7770284	10	22	43.0627558538752	0.281007495361911
S10_7916552	10	23	43.989358250255	0.617293515349915
S10_8424825	10	24	46.1761438460247	0.576161373949572
S10_8563457	10	25	46.76472090251	0.576202784352963
S10_8579550	10	26	46.835949737491	0.576202783500838
S10_10107466	10	27	53.5986214971918	0.627128357127324
S10_10682576	10	28	56.1441018480236	0.584832755126422
S10_12325742	10	29	61.6615548169048	0.760507617513774
S10_12889995	10	30	62.597486379869	0.652229316904063
S10_13070208	10	31	62.8964073156132	0.65222931667619
S10_14028036	10	32	64.48516529668	0.515086230606554
S10_14538372	10	33	64.7893449134665	0.505207038631674
S10_14637899	10	34	64.8455433287059	0.505207038621309
S10_16771240	10	35	66.0501449279217	0.61738407186957
S10_16771988	10	36	66.0505672898395	0.61738407186957
S10_17959228	10	37	66.7209482569015	0.708473902852688
S10_18187057	10	38	66.8495930341536	0.708473902856521
S10_18669714	10	39	67.1221277082037	0.708473902833521
S10_19965679	10	40	67.5252203555158	0.708473902856531
S10_20207357	10	41	67.5314693445199	0.708473902856486
S10_20434433	10	42	67.5373407743857	0.708473902856528
S10_21780445	10	43	67.5721441664502	0.708473902856531
S10_22217866	10	44	67.5834544181866	0.708473902856531
S10_27828649	10	45	67.728530599185	0.708473902856525
S10_28713094	10	46	67.7513994042882	0.70847390285653
S10_41790040	10	47	69.0253571820128	0.403864484368007
S10_41813717	10	48	69.033123911847	0.403864484369159
S10_44501613	10	49	69.9148302958728	0.445672063957434
S10_45883104	10	50	70.3679986603385	0.516326996299687
S10_46005183	10	51	70.408044046639	0.516326996310351
S10_46009213	10	52	70.4093660013306	0.51632699631034
S10_46758481	10	53	71.2793939927609	0.354106457002008
S10_48043561	10	54	72.7719513512667	0.298228872562465
S10_48086396	10	55	72.821702101766	0.298228872567831
S10_49114771	10	56	74.7474480013815	0.431312195999939
S10_49599324	10	57	76.1225810316549	0.607526549617855
S10_50132957	10	58	77.7631860395347	0.562209300901693
S10_50151017	10	59	77.8197078219716	0.562209300901686
S10_51279784	10	60	81.3523724286138	0.510245879366733
S10_51463632	10	61	81.9277554107544	0.48943327054219
S10_51690921	10	62	82.6390942484234	0.456596136287998
S10_53244195	10	63	89.9514545481793	0.10078261920971
S10_53317471	10	64	90.4478578888779	0.121651515660687
S10_53882003	10	65	94.4166786487876	0.0975860517884968
S10_54118725	10	66	96.5590491302401	0.0413850439442901
S10_55090876	10	67	100.748954124371	0.019633549377406
S10_55120603	10	68	100.877075481815	0.019633549377406
S10_55493450	10	69	102.870413975865	0.0250954517208938
S10_55797287	10	70	104.833175888536	0.021065192578723
S10_55930065	10	71	105.690910796531	0.0102679811460611
S10_56095271	10	72	106.758127904865	0.0653484125878961
S10_56153226	10	73	107.132512415799	0.0429159877452948
S10_56205261	10	74	107.468654215928	0.0405353504943759
S10_56420331	10	75	108.857988643789	0.0170105403426672
S10_56477799	10	76	109.229227174967	0.00849577332943994
S10_56535382	10	77	109.601208596641	0.008525207455778
S10_56919272	10	78	112.339999769973	0.09232126594074
S10_58088494	10	79	119.968417131774	0.0376448393201204
S10_58107862	10	80	120.06137286212	0.0376448393201362
S10_58262008	10	81	120.801188744498	0.0332205745589915
S10_58882240	10	82	123.777960664361	0.107094775390431
S10_59586652	10	83	127.230760768415	0.37963032472056
S10_59962047	10	84	129.232265200206	0.374556635471189
S10_60891851	10	85	134.013030525726	0.672852492478991
